8.40188
7.83099
9.11647
3.35223
2.77775
4.77397
3.64784
9.5223
6.35712
1.41603
0.163006
1.37232
1.56679
1.2979
9.98924
5.12932
6.1264
6.37552
4.93583
2.92517
5.26745
4.00229
2.83315
8.07724
0.697553
5.25995
1.92214
8.90233
0.641713
4.57702
2.3828
9.02208
2.66666
3.75207
5.12535
5.31606
4.37638
9.3081
2.84293
6.39979
6.87861
4.40104
8.29201
2.28968
3.5036
9.56468
6.57304
4.3956
3.98437
6.84219
4.82491
9.50252
1.4766
6.41081
6.19596
7.86002
4.47034
1.87533
5.56444
1.69607
1.03171
4.95444
9.84752
6.84445
7.49771
2.9416
5.84488
1.5239
1.25475
1.64102
0.745298
0.525293
1.76211
7.97798
6.56564
6.39458
0.934805
5.2021
0.699064
4.6142
5.73319
0.519388
9.99994
8.89956
9.97799
8.7054
0.0416161
5.93892
1.63131
9.13027
3.59095
5.7943
6.87387
5.30808
3.04295
5.76971
7.47809
0.354209
8.33239
8.73271
9.79434
9.03366
6.6688
1.63968
8.88949
6.49707
6.2948
7.0062
3.28777
0.74161
2.23656
5.10686
2.80042
7.19269
4.71483
9.44318
3.36351
4.34513
3.44943
8.33243
6.75476
4.81936
7.12087
6.21823
4.13984
6.73936
3.47116
6.09106
7.30729
7.40438
9.20914
6.5313
5.32441
2.60497
6.86125
1.11276
5.7669
6.66557
7.75767
3.29642
9.84363
8.27391
1.88201
9.58637
7.64871
1.21143
3.83832
9.43051
8.61917
7.93657
2.97288
9.09643
4.98144
1.62757
8.64579
4.63662
4.95977
1.80421
7.2755
6.03109
8.38134
1.78208
4.98525
1.38238
3.24807
9.08485
8.36828
4.96074
3.94327
6.08883
1.5123
1.07848
3.63598
3.31386
4.27328
5.8357
6.58747
4.87427
8.83037
5.17715
5.57561
8.29939
2.44327
7.2936
9.84845
8.9756
4.10788
7.83282
2.93678
8.65535
0.491625
9.86467
2.10883
8.65181
0.995593
3.01763
8.09095
0.515083
4.57716
6.92076
1.19111
5.78635
5.95045
3.04285
4.76585
6.09729
6.18925
2.33656
0.700902
9.23728
4.81733
8.26769
3.57193
3.44251
6.59146
2.57469
6.25964
3.08157
1.98021
1.09733
7.82262
2.00352
3.15658
2.30996
5.32846
5.55398
3.80215
3.05408
2.60445
5.52316
6.85986
6.97848
6.45889
5.3296
6.18447
5.18515
3.62154
8.01897
1.52876
0.635606
1.87616
7.00301
0.0112548
3.05239
6.55368
1.81161
6.67341
6.53305
8.85014
1.57139
8.28957
9.0417
3.94521
8.68924
7.38959
2.33119
5.51443
4.94407
9.39129
8.14139
6.57201
9.35852
8.74309
6.37771
7.75421
2.62785
4.70564
7.9549
8.73021
4.12483
5.96899
5.38557
5.79022
7.0091
8.32609
1.12648
5.10349
8.14351
6.37656
1.43982
2.47033
0.174566
5.73721
5.82682
4.77361
0.587232
6.40766
2.22602
6.30243
7.37938
4.38562
9.52662
8.99086
3.33569
2.19136
9.4982
8.84318
1.83765
7.80224
9.04782
7.61612
3.31846
5.60785
6.22167
4.77961
6.5388
2.10692
8.65434
3.73556
6.4652
6.76554
0.588605
5.63617
0.189108
0.0907344
6.01427
8.87197
1.73065
4.87721
6.39009
1.55336
8.82204
8.99431
4.75806
9.4664
8.65679
7.18666
1.84066
1.67165
6.26125
1.26669
9.46925
1.60824
4.61848
9.15221
6.14227
3.93746
4.36585
2.44069
5.66164
0.347164
8.13904
3.56383
0.356664
2.00947
6.99787
8.89343
3.41482
7.66701
6.98713
9.04187
7.52479
8.09371
5.91111
1.01454
2.44149
5.89119
8.89553
0.560222
4.6905
5.87011
5.84585
8.15549
5.26523
7.29398
2.64172
5.38175
9.31518
2.05714
4.00985
6.79904
4.43339
7.03186
2.14524
2.58112
0.161775
8.52411
3.21478
5.2683
2.5021
0.732357
8.89813
5.31033
9.58957
3.43959
0.439153
0.050762
2.92886
8.20146
4.67471
1.90984
9.23381
0.84411
7.11355
0.928584
8.67469
4.75947
7.77505
5.78613
7.43727
0.964041
9.46435
2.74897
8.09743
7.4673
1.73301
7.60862
9.81109
3.4154
4.56514
6.54029
6.00492
0.81265
1.36956
1.14459
5.8245
6.68326
3.12343
7.68206
0.382648
3.993
4.5265
3.08247
0.0543489
1.26222
0.841846
7.85932
9.10227
0.62674
5.27075
9.27866
3.87996
6.38409
5.39413
8.22426
9.21551
7.89244
3.81888
8.07959
7.47277
8.49272
7.14432
5.16139
5.02401
6.71841
7.55945
1.39001
1.95898
8.44281
1.84025
3.1299
8.88433
4.79777
1.99724
6.57643
2.21918
7.78463
1.42119
5.61007
8.73414
6.73996
8.32555
7.73301
5.90407
7.63764
2.84289
8.80009
1.78987
4.43043
6.47522
3.25711
6.076
8.05789
3.98775
3.94239
5.99644
9.01549
8.81232
4.60652
2.92432
2.46071
3.01169
7.49443
4.85866
8.58866
2.93171
0.0282779
2.88752
6.50491
1.75413
9.59716
1.12964
2.07257
5.36115
4.65835
8.92324
4.05267
8.37986
6.73648
3.47196
