8.40188
7.83099
9.11647
3.35223
2.77775
4.77397
3.64784
9.5223
6.35712
1.41603
0.163006
1.37232
1.56679
1.2979
9.98924
5.12932
6.1264
6.37552
4.93583
2.92517
5.26745
4.00229
2.83315
8.07724
0.697553
5.25995
1.92214
8.90233
0.641713
4.57702
2.3828
9.02208
2.66666
3.75207
5.12535
5.31606
4.37638
9.3081
2.84293
6.39979
6.87861
4.40104
8.29201
2.28968
3.5036
9.56468
6.57304
4.3956
3.98437
6.84219
4.82491
9.50252
1.4766
6.41081
6.19596
7.86002
4.47034
1.87533
5.56444
1.69607
1.03171
4.95444
9.84752
6.84445
7.49771
2.9416
5.84488
1.5239
1.25475
1.64102
0.745298
0.525293
1.76211
7.97798
6.56564
6.39458
0.934805
5.2021
0.699064
4.6142
5.73319
0.519388
9.99994
8.89956
9.97799
8.7054
0.0416161
5.93892
1.63131
9.13027
3.59095
5.7943
6.87387
5.30808
3.04295
5.76971
7.47809
0.354209
8.33239
8.73271
9.79434
9.03366
6.6688
1.63968
8.88949
6.49707
6.2948
7.0062
3.28777
0.74161
2.23656
5.10686
2.80042
7.19269
4.71483
9.44318
3.36351
4.34513
3.44943
8.33243
6.75476
4.81936
7.12087
6.21823
4.13984
6.73936
3.47116
6.09106
7.30729
7.40438
9.20914
6.5313
5.32441
2.60497
6.86125
1.11276
5.7669
6.66557
7.75767
3.29642
9.84363
8.27391
1.88201
9.58637
7.64871
1.21143
3.83832
9.43051
8.61917
7.93657
2.97288
9.09643
4.98144
1.62757
8.64579
4.63662
4.95977
1.80421
7.2755
6.03109
8.38134
1.78208
4.98525
1.38238
3.24807
9.08485
8.36828
4.96074
3.94327
6.08883
1.5123
1.07848
3.63598
3.31386
4.27328
5.8357
6.58747
4.87427
8.83037
5.17715
5.57561
8.29939
2.44327
7.2936
9.84845
8.9756
4.10788
7.83282
2.93678
8.65535
0.491625
9.86467
2.10883
8.65181
0.995593
3.01763
8.09095
0.515083
4.57716
6.92076
1.19111
5.78635
5.95045
3.04285
4.76585
6.09729
6.18925
2.33656
0.700902
9.23728
4.81733
8.26769
3.57193
3.44251
6.59146
2.57469
6.25964
3.08157
1.98021
1.09733
7.82262
2.00352
3.15658
2.30996
5.32846
5.55398
3.80215
3.05408
2.60445
5.52316
6.85986
6.97848
6.45889
5.3296
6.18447
5.18515
3.62154
8.01897
1.52876
0.635606
1.87616
7.00301
0.0112548
3.05239
6.55368
1.81161
6.67341
6.53305
8.85014
1.57139
8.28957
9.0417
3.94521
8.68924
7.38959
2.33119
5.51443
4.94407
9.39129
8.14139
6.57201
9.35852
8.74309
6.37771
7.75421
2.62785
4.70564
7.9549
8.73021
4.12483
5.96899
5.38557
5.79022
7.0091
8.32609
1.12648
5.10349
8.14351
6.37656
1.43982
2.47033
0.174566
5.73721
5.82682
4.77361
0.587232
6.40766
2.22602
6.30243
7.37938
4.38562
9.52662
8.99086
3.33569
2.19136
9.4982
8.84318
1.83765
7.80224
9.04782
7.61612
3.31846
5.60785
6.22167
4.77961
6.5388
2.10692
8.65434
3.73556
6.4652
6.76554
0.588605
5.63617
0.189108
0.0907344
6.01427
8.87197
1.73065
4.87721
6.39009
1.55336
8.82204
8.99431
4.75806
9.4664
8.65679
7.18666
1.84066
1.67165
6.26125
1.26669
9.46925
1.60824
4.61848
9.15221
6.14227
3.93746
4.36585
2.44069
5.66164
0.347164
8.13904
3.56383
0.356664
2.00947
6.99787
8.89343
3.41482
7.66701
6.98713
9.04187
7.52479
8.09371
5.91111
1.01454
2.44149
5.89119
8.89553
0.560222
4.6905
5.87011
5.84585
8.15549
5.26523
7.29398
2.64172
5.38175
9.31518
2.05714
4.00985
6.79904
4.43339
7.03186
2.14524
2.58112
0.161775
8.52411
3.21478
5.2683
2.5021
0.732357
8.89813
5.31033
9.58957
3.43959
0.439153
0.050762
2.92886
8.20146
4.67471
1.90984
9.23381
0.84411
7.11355
0.928584
8.67469
4.75947
7.77505
5.78613
7.43727
0.964041
9.46435
2.74897
8.09743
7.4673
1.73301
7.60862
9.81109
3.4154
4.56514
6.54029
6.00492
0.81265
1.36956
1.14459
5.8245
6.68326
3.12343
7.68206
0.382648
3.993
4.5265
3.08247
0.0543489
1.26222
0.841846
7.85932
9.10227
0.62674
5.27075
9.27866
3.87996
6.38409
5.39413
8.22426
9.21551
7.89244
3.81888
8.07959
7.47277
8.49272
7.14432
5.16139
5.02401
6.71841
7.55945
1.39001
1.95898
8.44281
1.84025
3.1299
8.88433
4.79777
1.99724
6.57643
2.21918
7.78463
1.42119
5.61007
8.73414
6.73996
8.32555
7.73301
5.90407
7.63764
2.84289
8.80009
1.78987
4.43043
6.47522
3.25711
6.076
8.05789
3.98775
3.94239
5.99644
9.01549
8.81232
4.60652
2.92432
2.46071
3.01169
7.49443
4.85866
8.58866
2.93171
0.0282779
2.88752
6.50491
1.75413
9.59716
1.12964
2.07257
5.36115
4.65835
8.92324
4.05267
8.37986
6.73648
3.47196
4.5724
7.17092
5.4114
2.68684
6.9337
2.3636
2.19155
5.14352
3.4352
0.943199
8.79013
5.21261
1.80136
4.3899
6.83098
3.86299
4.26555
6.00405
1.09233
1.59324
3.13187
4.5569
7.45008
9.58753
0.205084
8.97883
0.39717
1.83801
7.78391
0.736379
4.08978
6.01827
5.63327
8.03227
0.71322
4.75164
3.58235
9.16851
9.00896
1.91772
9.28678
8.20926
5.08799
1.88248
6.27518
7.48678
7.21822
8.72028
5.52738
9.57709
6.37806
0.0856861
3.63727
0.992851
8.01024
1.86029
3.80712
6.98096
0.116807
1.767
1.4823
6.75694
2.75884
1.55202
2.22978
4.52681
5.45784
8.56826
3.86669
1.74136
2.47168
9.17395
3.67118
5.17391
5.01835
0.179977
6.1947
5.20118
2.41415
7.23975
7.88231
3.25177
6.37906
2.43528
1.38114
2.12269
7.77828
0.131615
7.45154
5.23745
2.24643
8.97055
2.35435
7.39467
0.924937
9.41243
6.40098
2.14741
4.48423
3.0258
8.75932
9.71818
6.44512
7.98706
5.15532
6.36656
8.64194
5.84288
9.50885
5.76479
7.87197
9.24104
7.84142
7.053
5.97113
8.19102
5.22729
1.26805
7.75899
5.56908
2.47962
0.316064
7.27276
2.11786
9.39649
7.2154
3.05987
1.54141
7.84489
3.22695
8.67321
8.54648
9.32716
5.57291
9.06964
0.000468777
3.07763
2.67083
6.47548
7.132
2.67134
3.14043
0.80384
6.63252
3.27626
2.46476
1.27743
5.84998
0.82577
7.69074
2.56489
1.44468
8.00775
5.99291
8.9042
0.355193
7.47231
7.30677
8.17747
6.92488
3.79874
3.40321
0.400871
5.68076
0.676078
1.12205
1.06272
8.88348
6.68225
3.55369
8.00129
7.16199
7.4045
3.74975
8.40804
7.03571
0.064256
7.28296
9.6921
1.69177
6.33522
3.60914
5.38055
6.4684
7.36901
7.64925
3.93097
0.843902
9.28
6.91745
5.26827
9.89483
4.39207
5.79765
0.141502
4.45235
0.30324
3.87466
0.554106
7.74659
0.36516
3.29342
0.207081
5.63161
8.73097
7.17512
6.50222
9.33176
4.24774
4.97847
2.61883
0.865962
7.4923
8.60587
5.08369
5.96952
1.7483
9.74499
3.40026
1.44246
7.92566
6.13046
5.68754
5.32218
0.591633
4.32452
9.73147
6.13254
9.9311
5.27017
1.09087
0.463652
0.502633
4.79455
5.58524
6.03411
4.8546
7.93879
7.62679
0.477418
3.56162
1.42889
9.99241
0.516851
2.29984
4.93831
7.02672
6.22988
5.6106
1.43224
7.26144
4.70674
9.63092
2.65818
5.90649
5.47613
7.93753
2.7612
4.46645
7.85346
9.06507
0.156992
8.19374
3.62115
7.4113
5.00019
2.51974
6.78878
2.35245
9.40837
2.58257
7.72706
1.78952
8.45005
3.76631
3.02225
9.09529
8.92318
9.56611
1.09337
7.59771
1.65015
5.80048
2.26811
7.8859
6.41188
6.56098
0.988576
4.6272
4.60646
5.74214
1.22489
0.807953
2.12645
2.69239
7.35147
9.31338
0.407559
7.44056
3.2668
4.35216
5.79494
3.81762
9.26364
6.22214
6.83833
1.49882
6.8017
8.21129
2.68084
2.14797
1.19379
9.03394
6.57522
4.27702
1.80096
9.5207
9.54232
4.37942
1.78314
2.67607
2.56583
6.68469
6.48167
8.29569
5.79965
9.19481
1.90501
8.59479
4.70325
8.32225
1.50099
4.10011
1.18126
9.84927
9.08109
1.58587
6.70024
1.01446
3.16653
2.34441
9.7538
5.95963
9.76798
0.139049
7.42623
0.975437
6.30424
9.97052
3.55508
0.44991
2.34514
4.28308
0.306337
2.22729
4.60768
2.43905
6.11093
6.0203
2.95309
0.350138
4.62065
9.30653
6.40113
8.4104
9.09686
2.59237
0.89609
0.487385
2.173
4.67529
7.28638
1.14216
5.51302
9.27623
3.32182
8.84543
0.951945
8.86736
7.42903
7.30928
6.13807
7.96788
6.7771
8.23659
1.16995
5.73077
0.0262258
1.85365
4.03541
4.00536
0.756249
5.2997
1.00276
9.06126
1.44482
4.95767
6.27218
4.61706
1.38082
1.99938
5.76553
1.00709
4.60309
1.331
3.99062
5.99573
8.18716
6.45506
5.46248
7.62171
1.88687
4.4902
5.50494
1.20834
1.96091
9.43652
0.937877
3.51819
3.30436
4.17947
0.185558
2.04186
1.47062
7.56264
4.01325
3.84041
7.76374
4.05917
7.43788
0.154439
8.47523
7.12522
0.0345808
4.95408
5.49261
0.633928
9.30875
4.05089
1.17271
7.71248
6.79788
1.08608
9.88351
7.83031
0.41276
6.72017
7.57571
8.3011
4.48881
0.94923
2.38873
5.65959
4.25894
2.47685
1.324
0.617606
1.74222
2.68351
6.84893
8.94711
8.49856
6.14968
9.51267
3.68455
7.70597
3.9829
6.21694
1.79218
9.35296
5.90753
4.45836
8.79885
8.22882
7.82631
1.99617
2.33944
2.44069
6.569
2.93991
5.95484
4.88733
0.740577
9.58022
1.58015
6.8018
9.61014
4.01282
7.46074
9.89134
7.31938
2.06047
2.38225
8.14794
6.45453
9.20479
1.73373
2.34711
5.1964
5.00707
0.860517
4.26423
3.06902
8.87964
0.518689
5.81682
0.658506
7.4969
2.37846
1.992
6.73269
1.24236
5.28892
0.940727
5.51681
7.26187
7.75665
6.84799
9.80315
1.35545
4.49862
8.15991
5.04956
8.19788
1.30165
6.26101
1.38667
6.50077
1.09285
7.16091
3.38929
2.98698
5.94888
1.97162
5.5626
6.07387
0.499329
5.21834
9.89059
2.97691
3.6061
9.22658
6.74129
1.66837
3.16884
4.44379
3.25206
7.70407
7.26575
4.95297
3.00275
2.88957
5.26061
9.05096
1.52413
6.34344
1.26579
0.123013
1.29737
5.84121
0.620666
1.02434
7.71578
3.07366
8.40409
7.80987
9.05346
4.90891
8.80735
9.46527
5.98775
5.46172
1.37874
5.26062
7.37611
7.14233
1.38684
1.86951
6.89509
4.08414
2.9698
6.70602
2.59345
6.33734
5.57481
1.73228
1.61133
8.81611
2.77873
5.66618
5.17856
8.15162
0.975185
5.66801
4.9643
3.16945
1.64617
9.95737
1.49041
5.64042
2.09732
8.62779
4.5667
6.69871
1.52062
7.50027
5.17341
3.26458
5.67302
4.01886
8.68474
8.57143
7.06378
4.57052
4.8235
5.61941
7.58364
0.629468
1.69109
9.49576
9.69308
9.9109
2.64793
1.01507
2.10806
8.95828
2.22225
1.12371
6.0585
7.84022
5.90518
7.80283
7.70682
5.63915
5.76048
2.60963
2.13094
0.320041
5.696
3.09982
6.36905
8.59687
9.5878
7.87733
5.41482
6.52831
9.17717
4.80881
2.76344
6.28191
5.58287
3.97747
1.41207
2.49267
5.63263
4.91214
7.65058
0.592977
3.2296
2.88468
4.18785
9.96442
3.74413
0.249018
5.22119
5.03148
5.42247
8.51786
3.30647
3.9426
6.60302
0.940773
2.36375
1.49199
0.00405591
4.23776
3.78966
7.55693
8.97541
4.04136
4.33687
5.00065
8.08179
6.59387
4.52905
0.327351
9.39121
5.38568
2.80187
7.34831
1.25433
6.99784
5.78825
2.57778
2.36071
8.96026
5.69198
6.45693
7.47942
5.16203
3.58727
3.14054
6.7575
4.73345
5.40389
2.36531
3.66783
1.70221
3.91792
4.21975
0.899137
2.97622
7.14091
0.364889
2.48395
6.6288
1.0163
9.04971
8.29557
7.33318
5.86491
0.357675
9.06164
8.98882
6.33988
9.25819
6.38857
3.83013
1.66755
8.14982
9.72194
0.222729
4.54797
8.51204
3.0556
6.54299
5.54371
8.45325
8.96055
7.58491
0.650635
2.53945
9.0775
0.56869
0.564608
4.89656
3.49713
1.02479
4.39173
0.888636
5.38205
6.36783
4.3323
5.53111
2.26314
8.59329
9.95912
9.95298
7.50232
9.78167
9.24018
8.35348
9.79752
0.782409
8.91509
1.63657
9.10267
5.2229
2.82547
6.72782
3.87003
8.00239
6.45385
2.86577
8.47705
2.0231
7.32568
0.454541
9.75484
1.31244
2.90799
2.96707
0.953408
5.44564
8.94397
8.86749
7.49457
6.64316
4.82525
7.90458
2.15638
1.01953
0.304262
6.60526
2.71102
8.72903
0.866714
7.62968
9.88606
5.599
5.24878
1.64405
1.33637
6.69177
7.79614
9.46393
4.52404
9.43459
1.95753
4.8874
3.95754
0.28757
5.31254
6.64438
0.992575
4.02864
6.70987
8.98471
3.9599
4.20787
0.272838
1.70857
4.15526
9.62518
7.183
0.781347
8.12902
5.9648
8.98617
8.64016
4.85257
6.22011
8.34149
9.60868
0.881301
4.05744
7.48836
5.95102
6.90917
7.75641
0.0887705
5.23271
9.60668
1.65934
3.8067
8.57159
2.9683
0.221705
9.99652
3.61119
3.64695
2.03196
3.43464
2.77892
3.55916
4.43597
9.0731
1.86572
0.8662
7.27262
3.82457
3.33217
0.635912
8.10266
3.38426
1.51025
9.38247
8.16651
1.52518
3.16091
1.48077
8.73228
7.26557
9.23364
4.12306
2.80467
2.35047
4.7405
9.6907
3.61881
4.55701
0.106171
8.67127
6.75659
9.21812
5.28079
7.51439
1.25275
4.61106
2.91173
6.99265
6.68175
1.85323
2.32951
4.26541
4.6189
1.07738
2.7619
2.99775
9.9451
9.43601
2.91475
9.23895
1.73036
4.65389
2.58413
0.358477
0.989663
0.688135
3.75564
9.26749
3.77597
3.09961
0.0935241
6.05637
8.31323
5.2645
2.44277
5.39549
8.35346
8.81521
1.69592
0.203474
1.38539
6.00475
5.84516
3.51557
5.61712
6.15899
2.71254
5.74926
7.70774
2.25375
5.51721
4.32364
7.69862
4.80826
2.31253
2.08012
5.90334
8.83896
3.35712
1.36962
8.96971
4.68488
9.74398
2.70803
1.44791
7.60223
2.61102
0.835797
5.06471
9.70417
0.655793
1.07517
9.86917
8.30764
2.26866
2.20054
7.20587
2.92063
7.31957
4.40157
0.590435
5.73261
3.92965
3.51109
2.21246
6.37161
4.99956
9.42739
7.36091
8.09503
7.41229
0.867955
7.18099
1.56801
9.41724
3.26804
7.97337
3.20913
5.56905
0.897392
9.93547
0.649769
4.71579
9.80376
7.81219
1.70628
8.19436
9.84264
6.36282
9.87592
7.38023
5.78774
2.14462
7.25663
5.71708
5.49519
5.42302
0.587587
6.22212
2.21551
8.29014
9.25878
6.49603
1.85987
0.512077
8.63891
4.87976
3.24591
3.42352
4.73805
8.65657
4.79315
6.37819
4.2184
5.77209
6.63461
0.355706
0.546747
4.99481
9.71058
4.14241
3.3992
2.77614
6.04654
7.14766
5.34025
1.01782
9.88382
5.51415
9.9963
0.536133
5.34848
2.5243
7.74357
8.30184
3.02601
5.80364
1.46641
3.07032
4.77943
8.29753
6.02221
0.253088
6.71135
0.00824207
7.05347
3.33857
1.43621
8.29717
3.38199
6.63394
9.04326
2.83321
1.01735
8.02262
6.12152
5.91647
5.6355
8.04975
1.93679
9.05452
8.60237
1.39221
8.25596
9.21837
6.2884
8.04596
8.28988
5.84132
6.78271
5.10402
0.184091
5.04796
7.19004
8.16646
1.15571
8.11709
9.61406
9.79666
9.19869
9.50798
4.86733
0.818735
8.43312
2.46445
0.523992
8.12006
8.58895
6.52768
6.26573
4.90581
1.91511
7.17951
2.5322
9.3992
5.99119
7.21797
6.46113
4.01573
4.69676
0.110069
4.04864
5.92883
1.39814
8.41657
7.15065
5.0853
6.34528
0.594924
9.24097
0.608362
8.9013
6.09068
5.86303
0.256669
6.58659
5.78054
8.59686
3.27282
4.16589
7.65887
5.01178
0.382287
5.00898
0.234531
0.971331
9.48211
8.66922
5.23506
5.67921
5.09205
5.85846
2.90104
2.58196
4.45033
7.86326
8.06438
4.85337
4.23209
9.42388
4.1123
5.30952
0.267842
9.1672
8.511
0.994628
7.11222
4.47564
1.30842
6.18712
3.80544
7.86796
6.92542
0.316495
2.58368
5.62414
0.135584
0.290395
4.9124
5.90633
4.30401
7.02645
3.75405
1.42949
8.55968
0.821224
1.66699
4.23495
1.41051
9.74993
4.29182
0.690179
6.30773
4.83083
0.438174
4.64353
7.63811
6.15842
3.17206
6.45464
5.20451
4.09687
5.96504
5.46393
2.88326
1.36975
0.587931
1.60248
3.0405
8.11579
7.17047
8.22086
4.42931
6.20075
1.96719
9.33311
9.93125
4.04321
1.76179
3.27184
4.72099
1.82014
6.70152
2.20459
9.85593
3.2207
3.07971
1.835
5.82084
5.11039
0.691138
4.95973
7.87347
6.51867
8.51007
4.28032
4.43211
8.53999
9.52308
0.875648
1.06496
6.40542
5.53791
1.65369
6.27616
9.14678
1.20757
7.58969
3.10944
8.71631
3.89888
4.85058
9.09708
9.46461
4.13516
7.99917
4.43661
9.34478
2.645
1.33326
7.76254
5.88846
4.58655
8.05114
7.58651
9.31551
9.76408
9.81637
7.55667
7.48131
9.62125
6.89194
9.88506
4.03237
7.23519
1.45122
5.84568
3.96784
0.817827
8.12821
8.78644
9.88972
1.60982
7.41167
8.98709
0.858311
0.373466
2.6662
3.98698
2.78859
2.06421
6.2199
1.57949
8.34212
2.20673
0.801656
3.91405
9.54368
0.397475
4.69035
1.84833
7.9929
3.29892
2.48033
7.35767
8.50806
9.50873
7.33178
4.91571
3.48555
2.14422
8.1156
4.97858
1.58214
4.61462
4.76062
1.82116
8.68475
3.41262
2.40597
6.434
0.192173
5.64199
7.03096
3.19784
7.68013
4.80371
1.40033
3.45501
5.15835
9.25497
4.53259
2.67249
6.19621
4.38242
6.85539
9.5162
6.75915
4.57151
5.71589
4.30662
3.11141
9.19176
8.89262
7.49422
0.716397
3.96995
7.82533
8.46632
2.72754
2.62371
3.66516
6.63049
7.2981
4.21442
8.97136
6.41001
7.63137
6.59452
8.24853
0.574968
0.83794
4.21391
1.18735
2.6848
5.52897
3.49781
7.44841
9.61843
1.33031
7.7605
2.35388
2.38445
9.77227
6.50924
3.06772
6.98573
1.62912
2.56892
3.87987
6.73135
0.562232
8.60296
0.357464
2.75716
2.05424
1.98945
4.68817
4.39338
3.35287
2.48125
7.98683
0.32625
0.666617
2.43243
8.1489
3.95532
9.39294
6.72178
0.779679
1.43818
9.9966
7.24205
7.80153
9.14522
2.53805
7.575
1.09345
0.140841
0.79642
6.30655
1.73704
7.65645
2.82016
0.880377
3.85717
6.43376
5.74618
8.53855
5.31124
4.70211
9.31024
8.37417
0.178355
2.16375
1.08828
9.9201
8.73217
3.9553
1.95478
5.15216
7.15423
9.66573
5.26173
6.44812
5.88805
8.42226
3.42735
5.60197
5.31144
4.58048
6.23601
9.22505
2.07712
6.52051
8.01603
9.84386
3.25859
8.07067
7.71387
9.09329
5.66903
8.8002
4.31197
2.70209
2.16789
6.02314
1.78314
3.37208
8.42854
7.89217
1.56525
1.61482
7.24562
3.34416
4.20429
8.56141
9.95299
8.9697
1.76379
3.88838
8.95435
2.33557
5.15971
4.59775
5.60023
0.0328197
0.225948
1.98933
1.33314
2.43106
7.77093
5.41075
8.35409
1.98887
6.05223
4.04956
5.78877
5.74408
2.09278
4.53673
2.83175
4.8585
6.21719
0.529265
2.18131
3.08776
3.9528
7.67615
2.87895
2.42477
5.54228
3.93777
2.85946
2.27952
0.0236773
2.64525
1.3858
5.91312
4.35157
5.15333
9.40271
6.48511
6.73959
5.66241
3.82628
8.54973
4.56151
0.699601
2.16935
2.37321
9.79537
5.04845
2.52221
8.78417
7.40396
3.40664
2.17858
0.162189
4.05301
8.53671
3.91178
7.24785
9.57394
5.89427
0.926569
3.93632
3.28595
1.90312
9.94635
2.68193
4.62479
4.15699
5.98032
5.72154
0.143773
7.91261
1.3447
2.52885
3.1079
2.66194
6.6906
4.75641
5.58304
5.7847
7.34682
2.8797
4.55519
8.77498
1.35586
0.568833
8.75478
5.55519
3.6419
1.01812
6.50716
0.78427
0.278327
3.17431
2.20022
1.39076
7.42564
1.51865
1.30715
2.51634
4.79015
4.16264
1.56662
3.64441
7.80187
1.95831
8.3426
7.50679
8.28327
4.48229
9.64012
0.0305258
0.143505
9.04658
1.8428
4.11366
4.6481
0.17788
7.99413
1.42323
8.48482
0.105039
6.12413
5.44834
8.29294
4.89089
5.80368
4.99881
6.47059
7.39784
5.60831
4.94634
9.7878
6.47113
8.94651
3.57794
1.27591
4.25875
1.29481
1.80745
9.63773
7.5208
1.61975
1.3886
6.565
6.40373
0.297934
2.42973
6.47429
7.86766
6.79523
2.85213
5.12858
5.47119
6.81798
6.01114
3.97697
1.89713
6.05156
3.68705
2.07217
4.78987
1.44084
2.45583
6.12046
3.33593
1.7691
0.986827
3.29894
3.32107
3.73665
6.57264
2.86416
3.31033
1.7555
1.53227
7.08816
6.19777
3.54174
6.44413
8.9771
2.57789
5.96812
7.64388
0.0227268
9.38399
0.297167
1.47299
4.4264
2.07704
1.7807
0.00956713
9.93146
7.39786
4.86095
3.1354
3.62205
4.58426
9.278
8.85723
3.19309
3.0601
4.19785
6.65159
9.3164
4.80615
2.33795
9.96596
1.02306
5.7426
1.2058
9.72206
4.59128
4.41802
6.53445
3.17
1.51647
3.2178
0.763186
4.33858
8.59802
1.17669
3.96045
3.20537
8.50647
0.867517
7.82597
4.54012
4.89589
6.28654
2.23338
1.15789
5.68665
9.46418
4.24507
6.52942
2.94749
3.77905
8.84877
1.89145
5.9324
7.0675
3.34854
6.17563
0.565758
9.67478
1.91871
6.54899
5.20836
4.05519
9.81593
2.29652
8.29072
9.67137
3.06
4.49472
4.32179
2.75076
3.16985
5.91477
1.38856
6.53475
6.42222
0.912634
9.09692
1.084
5.55243
1.67628
9.45609
0.982649
2.91046
1.50848
7.0396
4.90258
3.18564
3.94506
6.40689
7.88148
3.56356
4.45968
3.76193
1.57333
8.92421
3.15753
4.59726
0.896395
9.61755
4.73997
6.66412
6.86661
0.459892
4.42396
1.29149
9.69589
1.09955
7.51553
9.69926
4.17585
2.33847
7.00378
1.47356
4.44344
0.305051
7.74826
8.82596
6.81894
5.42654
6.15263
3.54834
1.57307
0.00410601
9.50937
8.17745
8.32684
1.01861
7.45165
3.23079
3.58327
1.0785
0.505019
5.94639
9.19031
8.56686
8.09095
1.19147
6.76309
8.75261
0.898947
9.95769
7.44599
4.55641
3.46846
6.79273
1.32305
8.38325
7.7757
9.15202
5.70257
2.30895
9.83408
3.45753
4.696
2.86964
9.14021
4.82073
3.80363
1.48384
7.16435
4.32382
6.14781
0.31546
7.03671
0.889511
7.18636
6.5328
6.69888
3.61762
2.20047
6.98982
9.3146
7.92689
1.1877
0.390324
7.68731
6.83944
7.42122
7.75863
6.62239
7.19721
1.8466
0.829198
3.72034
9.94035
0.934087
7.2615
8.74073
3.36692
4.59913
8.28048
8.47139
6.12156
2.27483
0.350534
2.52833
2.70596
1.27776
2.92041
7.98198
0.918911
9.79094
9.16476
3.3688
8.4601
6.28892
0.254371
1.8605
0.652907
0.256125
3.03254
8.55119
7.15939
9.27367
4.82704
2.94057
6.17172
3.92637
1.26318
7.86815
5.2631
6.46386
8.91737
1.89341
2.45969
0.573717
4.93399
1.23074
8.95385
2.17318
7.76006
9.52685
7.84525
9.26825
0.748388
8.83171
1.29347
1.52896
3.61993
9.78111
5.5719
1.57186
9.47973
2.59927
3.30701
2.21448
9.8862
4.99884
5.19454
6.83988
1.40349
1.95442
0.967167
2.90779
6.90575
0.666728
3.04373
2.98355
5.04119
0.957045
0.355268
9.41527
4.91285
7.97292
8.6812
6.05032
0.484399
2.78164
1.48813
6.03867
8.37833
0.871539
8.94398
3.94553
9.4379
2.33338
8.07409
0.0346381
6.16275
3.09433
2.82036
4.92863
7.1494
4.75632
3.39971
7.03141
7.50039
3.20011
1.75803
0.429547
2.0482
0.98911
4.51157
3.10923
9.0313
5.51826
5.34822
5.15642
8.15716
1.13514
0.707733
3.33491
6.0695
4.65249
3.68065
9.02347
7.84496
5.85115
1.03633
3.03084
5.16395
1.91929
8.99599
3.00979
6.98845
8.71003
2.31148
5.9043
8.57996
6.20851
5.63883
7.98947
5.24456
5.84032
2.801
6.34852
7.42027
8.47711
5.34352
3.56942
5.63183
0.0281557
4.3244
6.32429
6.48926
5.16498
7.76479
5.61188
6.99507
9.29023
0.323375
7.761
3.90655
4.15991
7.72501
1.58204
0.00878856
1.30015
7.54266
7.23755
0.157245
6.16
5.55698
0.931377
3.22409
2.34811
5.86035
1.29111
6.34723
9.01698
3.18036
7.42907
2.20921
7.52233
6.35366
3.78378
7.16242
4.43294
1.71566
5.27146
5.58593
8.48722
7.72868
1.21319
5.22936
8.14815
0.82918
1.59886
4.30644
2.79026
3.88108
7.17102
6.51781
3.76291
6.96827
3.17323
6.65394
4.00048
1.43879
8.45853
5.44383
5.07786
2.1839
9.3114
5.79792
7.15045
8.67569
0.722504
5.92542
3.42698
3.51978
5.44789
8.26066
4.55634
4.66203
6.3676
9.62155
6.37886
8.12218
8.29579
7.79191
3.5991
9.76771
1.66111
8.80702
8.58682
1.68829
2.50052
3.48307
9.6484
0.0717383
8.25095
7.46145
1.49874
0.320072
9.50373
5.24077
4.57959
7.42443
0.701613
1.32878
8.55825
3.32314
2.96602
8.11563
4.95131
8.63041
7.88066
7.83207
1.6755
9.17393
6.26413
4.28205
9.42319
7.08442
7.93793
9.41324
1.43027
7.55494
9.54259
7.01071
3.85795
7.69615
1.73299
1.11802
3.68037
4.58772
4.70665
0.788214
0.576252
4.25464
6.28583
5.01035
6.40426
2.11238
8.23587
0.440741
4.76422
3.83244
3.66512
9.9057
5.2424
7.28998
3.36318
4.0789
5.95083
2.45361
2.00142
9.95275
0.0292566
4.35252
1.18822
0.358954
2.93015
2.44964
9.14185
3.94076
6.84875
4.33331
9.30894
4.15137
6.74574
7.49642
4.06894
7.15283
9.51429
2.36333
6.29861
6.65494
6.91367
5.82403
1.45992
0.439776
0.995537
8.5206
3.18529
5.56424
9.27695
8.67818
0.509814
7.44408
7.33636
0.726613
2.52969
2.86372
6.48614
5.49889
8.45255
6.25473
0.711748
9.75256
7.4473
3.82806
8.37745
0.0701368
8.33725
8.91137
7.32163
9.30858
7.01954
9.29469
0.860059
1.45175
0.73224
8.7607
2.48182
5.34102
3.83007
6.65337
1.67532
1.09479
4.23773
5.68618
9.64415
1.41068
7.16706
0.169372
5.49894
7.33973
9.3276
7.67517
4.6137
1.73854
2.18527
0.651288
5.11541
3.87317
1.75224
0.912503
4.55411
8.06008
3.02855
9.74829
9.85057
4.75868
3.18845
0.987583
5.45005
6.24592
1.11803
1.49591
8.64328
5.58658
4.92843
1.79192
8.82227
1.20371
8.08145
0.378321
8.04001
7.11019
7.57085
9.03061
0.823889
0.656218
2.17373
8.17535
7.52121
1.21254
0.261023
1.93217
2.85645
0.934119
4.08787
8.86992
6.44944
3.35635
4.07788
7.04119
7.66349
6.84368
9.84954
0.654244
8.78097
9.82038
4.87124
8.12529
4.88844
8.6656
0.37185
1.10419
3.51563
0.841583
6.8475
2.49527
5.58018
4.34822
4.35799
2.80047
6.86925
2.18096
4.37341
9.46819
9.36566
8.23816
5.66932
6.5588
3.80289
6.77845
5.28316
5.16139
8.61267
6.29307
4.51208
6.10963
1.7144
3.12183
8.59685
5.34966
0.723815
7.70003
2.93017
5.57807
1.65922
7.38345
1.63024
7.80573
2.05445
3.21358
3.19234
7.94786
7.6138
0.994544
3.65971
4.17316
9.93202
0.776651
6.13202
9.59525
8.71125
4.73362
9.52354
0.584404
6.63814
8.14453
3.1212
4.73722
7.16208
6.94565
2.07597
5.2053
2.992
4.87018
2.33668
6.91525
1.44412
1.38941
4.18822
2.54567
5.7718
0.656846
6.78259
9.628
1.12583
4.76645
7.69247
5.20978
5.9537
9.80849
4.54538
9.3383
8.37261
6.95717
2.70153
3.38719
0.193035
7.36634
9.4381
0.920286
3.568
3.76572
5.65848
1.94494
9.05546
9.90256
8.47716
9.59034
9.96858
9.41059
6.05035
1.14345
6.84182
3.21901
5.50413
6.84384
9.82602
0.332592
9.58506
7.09668
4.03095
2.24135
6.2401
9.35788
8.3792
8.87879
1.56626
0.672935
8.53202
4.68799
8.03123
3.10827
2.14139
3.34176
5.71839
0.366962
7.43768
2.25746
4.44
9.88646
0.383814
7.24875
8.78748
0.358152
1.81363
1.35565
6.57798
7.70212
7.90478
0.445814
1.48232
3.37251
3.42109
2.59777
7.24531
0.680296
1.24948
9.5792
5.85074
7.35647
4.98349
7.50923
3.17604
0.280833
6.25523
4.70399
1.53942
6.65754
3.70647
2.8216
1.73955
8.5809
1.43095
3.02599
8.09744
4.94606
9.09457
4.6424
7.66665
3.35143
5.64988
1.65943
6.13192
2.14982
7.57229
0.790171
8.47332
2.30086
7.53117
7.18596
5.70931
8.70954
4.58732
7.07449
8.27517
6.17585
8.48133
1.11436
6.15225
4.45164
8.23559
3.03637
4.61288
6.61318
0.664086
7.77266
5.93116
1.17728
9.83414
2.77245
8.67769
2.03437
6.78359
1.77227
6.4129
6.66038
1.46572
1.35741
5.03398
8.22265
1.76973
2.07146
2.47751
8.21938
1.50051
0.420973
9.94014
7.33722
5.60407
9.65956
5.33339
6.66547
6.01668
2.87771
5.99347
6.74873
7.09567
5.46409
2.06893
1.88484
4.6753
3.74764
4.76116
1.33915
0.194337
2.38221
7.31865
2.32684
7.07056
4.38599
6.30491
0.827224
9.9549
2.97376
9.97478
5.59327
7.16441
9.26551
0.42576
2.29079
1.60338
6.14783
3.72068
2.25736
3.67921
3.85526
7.77806
3.3847
0.9738
9.75679
1.21706
5.59866
4.69097
0.307031
5.46885
5.73683
7.27082
5.99426
0.359314
1.78274
4.89496
4.02264
0.32048
0.405986
3.76579
2.24286
5.51284
3.36431
2.70571
5.32054
6.26917
5.24678
2.94202
4.53149
9.49265
7.33986
1.95222
7.06064
8.76984
3.56698
7.6294
7.51847
3.65138
3.34606
4.55413
4.53163
9.72397
4.36329
1.01945
5.96733
5.20902
4.89971
4.66969
9.43395
9.42697
5.97516
8.81078
0.19862
4.37642
8.81924
2.21128
9.75385
3.12929
4.60125
3.01193
4.66084
3.87577
5.38219
1.5209
1.985
7.81706
8.00425
1.45378
9.09
1.74755
4.76075
1.26011
5.89408
8.63173
8.53813
1.06391
9.86461
2.75952
3.48515
0.0629338
5.2283
3.4303
4.50784
1.43543
0.714281
1.50708
7.14181
9.98962
7.15658
3.53122
0.265022
8.89369
9.53481
5.37643
5.93364
8.49012
3.31937
4.39449
6.8045
1.42505
9.01289
2.99381
5.69931
9.19059
1.60479
8.55061
7.31694
1.99944
9.0975
9.87172
2.81524
6.19308
0.282257
3.96182
6.41749
4.60554
8.31899
1.58508
0.582786
6.87419
3.49748
4.05739
2.86909
7.66617
3.43271
6.99773
5.89973
2.38256
3.77838
3.26874
1.73124
5.62626
5.47364
4.06852
7.98701
8.244
6.3675
2.29891
8.35822
1.20318
7.50297
8.03887
1.39171
9.58467
6.76581
5.36597
0.727699
8.54727
8.20356
2.25776
3.5585
7.67507
2.80315
9.16258
9.93906
2.95228
8.56667
0.844714
1.41259
5.12847
3.2828
6.67544
1.48666
0.211838
7.83851
5.8808
2.97136
1.323
3.52985
6.93587
0.851347
0.910929
0.879312
9.37639
2.18503
0.470298
4.9993
9.47833
2.36846
6.17619
2.15977
1.60397
5.61286
0.905641
3.41256
2.61161
7.72967
3.68191
5.27818
0.900882
7.56317
2.93104
8.51692
9.04844
2.09955
1.09234
7.28161
9.39045
5.62328
2.03717
8.13761
3.29974
8.17132
4.47625
0.0399594
0.912713
6.74832
0.165607
6.25314
6.15062
4.43867
2.612
9.93927
4.61476
2.29855
4.59839
1.30072
6.30343
4.87978
2.92154
6.15682
2.52287
7.67801
8.17037
1.90252
2.28383
1.56395
8.06149
6.89829
7.06577
9.32818
9.63299
9.56229
0.100931
6.7161
9.3618
6.85672
5.77805
4.57315
8.46587
8.26941
2.81687
5.64553
1.33659
3.5546
1.74065
0.0665221
3.51167
7.31006
4.07087
6.63507
6.89907
5.31735
8.02652
6.62554
6.36616
7.24209
4.72832
0.0613772
5.43144
4.46726
6.49875
8.54573
4.16259
3.62302
9.88194
1.66614
3.74988
9.45813
6.87398
8.26878
0.978629
2.42317
8.3985
1.77185
6.10052
1.00203
0.772893
2.60968
5.40355
3.16895
6.49079
2.0665
1.81859
2.01706
7.60831
1.93271
5.79672
4.29389
6.84042
8.02515
2.30484
5.54021
8.57493
8.01322
4.38259
9.26397
6.01727
1.11404
2.85511
6.52842
3.41694
9.05036
2.81701
3.40887
9.40998
2.59837
0.461191
4.79256
6.28847
3.0146
3.98795
1.54444
3.60904
7.84108
5.78958
6.92757
2.83063
8.42017
9.32218
5.30507
3.26305
0.446988
6.04202
2.76037
8.04533
3.00155
8.05354
2.03851
7.20447
8.12673
4.24909
2.20056
1.03224
2.72736
2.44977
9.08659
5.93586
9.43706
4.77312
4.30836
7.9724
4.85173
1.85589
7.68852
6.76982
2.05441
0.869565
8.09863
4.8757
2.25623
8.85841
3.03829
0.876391
6.77214
4.67278
8.46796
8.39041
8.67112
0.209929
9.30666
2.1749
7.99866
5.61603
4.94627
6.92326
7.8172
8.54532
0.575937
3.33084
5.07122
8.42858
0.648805
6.85888
7.0653
5.67957
4.04856
7.73303
0.898946
8.1445
3.8408
3.04772
0.849434
2.51348
1.01475
8.77345
3.84795
9.62517
4.02103
3.81668
3.55285
7.45829
7.35073
9.64863
8.54038
4.09489
2.86089
4.03918
8.73566
5.1357
2.39698
5.8364
1.11119
0.741684
1.94561
6.21855
4.05461
3.09987
8.86816
9.65502
0.54163
9.78972
0.892532
7.11285
0.381551
9.37861
6.15769
9.02347
0.676572
2.4011
4.32351
8.12064
2.29649
9.78347
3.96902
8.57318
3.1884
7.91317
2.19179
3.70913
7.27456
5.35188
8.30275
0.701137
4.1405
1.6015
1.72189
6.84214
0.942665
5.18301
6.0641
9.42233
2.11909
3.33344
2.36152
6.88422
0.130312
3.06834
6.61144
7.41239
6.87172
9.21595
8.73604
2.61197
2.6837
4.59039
1.55119
8.00031
1.34823
7.98116
8.37632
3.34584
7.10148
6.9397
0.183669
4.46486
3.36598
5.64899
9.7389
1.78073
6.05596
1.17041
0.383841
1.27742
0.504474
5.44183
4.12397
7.38743
5.20186
4.93837
8.67921
2.44092
3.08405
4.14721
6.35088
5.24556
2.29905
0.0139733
5.58669
4.41496
0.549977
4.97196
8.64447
5.89939
6.68651
9.23186
0.241007
7.41091
9.76269
6.14801
7.48606
8.5204
7.80954
2.468
9.82576
9.4874
6.73976
5.04968
6.81875
9.23055
1.78685
8.87099
0.135191
5.35291
7.84003
6.01144
2.89449
5.11119
3.06621
4.10026
4.46215
3.26771
8.04702
6.58612
9.26647
8.37104
4.27909
3.08117
3.52394
4.31216
9.935
6.69004
4.85544
3.53351
9.38041
0.813613
1.22143
5.04446
2.39871
4.13421
7.44726
2.7185
9.74728
6.14064
4.23375
4.63518
0.776398
6.99824
3.12645
3.55348
8.16552
6.34943
8.44842
8.65539
3.02448
2.51231
5.29486
2.1981
1.03048
8.31336
8.79153
9.43298
4.27377
5.19976
6.96296
9.90709
3.12034
4.51543
7.65041
2.41589
5.96042
1.14663
0.159006
6.29742
1.68346
6.45371
7.55933
0.0429139
2.3179
9.23332
3.99592
4.40934
5.39694
8.68503
2.09559
3.72224
6.02911
9.31129
8.2136
7.3776
0.219507
0.372052
9.71799
9.61194
5.65764
1.31675
7.98567
6.76984
4.65087
6.42996
6.55577
4.80247
5.02107
8.773
9.72248
3.13174
9.98191
7.72083
3.91876
1.73579
6.17802
9.22997
8.77864
7.5463
1.45467
0.175963
4.12845
0.595323
9.0922
2.3842
5.51892
8.75667
9.01973
5.20072
3.81027
2.51489
9.98906
4.15199
7.74466
2.1972
5.67454
7.20977
7.3516
8.95252
7.17341
5.25848
6.85265
8.19316
0.492661
8.81087
0.330394
4.29123
3.07061
9.08715
0.14151
0.0146079
3.65752
5.61905
5.02947
7.45292
5.90828
4.89522
6.72655
8.63332
6.48225
1.52215
8.76994
7.1321
4.2566
2.65583
7.5036
0.214164
9.89482
2.17025
0.404783
7.12717
2.33456
9.07401
5.11076
6.28033
5.15151
8.40565
3.61586
5.76201
1.757
2.27057
1.08828
0.421726
8.31795
5.90739
2.21514
5.03581
5.05694
3.61082
1.81714
1.76071
7.69364
0.890097
5.70412
9.18197
5.06994
6.72172
3.93728
7.14132
9.73542
0.977975
6.08326
6.50025
0.123591
1.30791
0.00223212
8.90937
3.23499
9.00538
6.45157
6.40022
9.6399
7.67974
0.265387
5.83242
7.86976
1.95136
2.82417
5.09322
8.56269
4.88849
9.46975
6.26079
3.59733
1.64385
3.45352
1.57042
1.16601
6.6706
4.07122
1.43221
9.31341
5.89399
1.83518
5.08535
7.38835
8.96278
3.7717
9.56284
0.489752
7.41794
9.25076
7.0367
8.23853
1.84818
6.21032
4.25072
6.66395
7.66132
1.13193
8.89699
2.72051
5.37838
3.08335
3.86125
6.14792
7.51638
0.26756
5.81546
8.26037
0.815829
0.944023
9.99442
5.21125
6.10709
0.402403
4.86346
2.86385
9.61512
5.18306
9.5203
4.75556
6.72966
1.58975
3.52921
0.208756
4.32081
9.41158
8.76075
1.97096
0.966018
9.87192
5.49627
6.07131
8.68297
8.58776
2.58535
5.23994
8.36645
1.86013
6.6798
6.2407
3.22166
5.31583
0.275116
6.85025
9.66016
7.07061
9.45794
0.267825
4.39629
6.34416
2.19892
6.29665
8.41378
2.46103
0.225663
6.09419
4.354
5.42973
8.69681
5.87025
9.00215
3.5134
6.08278
6.60099
2.63682
7.46072
4.52925
5.4011
1.91415
8.03662
6.56385
5.58714
5.54083
5.54696
3.29685
2.59462
4.35807
0.759093
9.88924
0.919923
0.305237
7.36179
2.13801
7.77753
0.625016
6.19198
9.94497
8.10671
2.79599
9.72344
5.07089
8.39185
8.42607
9.86981
6.51102
0.841368
9.17038
1.65075
0.966047
5.36055
5.24244
8.77993
3.33165
0.6732
0.540318
2.22049
2.7147
5.04017
9.76328
9.45609
5.69972
3.09056
8.50061
6.17848
4.1696
1.05772
3.09157
4.59944
6.72429
2.55087
5.66928
2.87582
5.3837
9.52476
2.82597
1.42127
9.27831
3.39578
9.25315
7.24559
1.1133
2.83479
8.14096
0.628103
2.70687
2.12986
7.95033
6.76014
2.92167
8.481
5.26576
4.27332
4.41411
2.32299
7.24337
7.09002
7.87188
2.56155
7.35904
0.878097
6.36862
8.44207
8.01364
7.65298
1.48711
6.68294
6.03626
1.29693
8.62537
4.11765
3.18849
4.22541
1.13248
7.07322
9.9766
8.55744
0.959277
0.664177
2.20172
9.90822
4.45115
0.441693
7.54743
0.937795
5.35854
2.04154
6.26311
9.60741
3.0539
5.88712
4.63195
9.37572
1.44407
4.56414
8.35705
7.33461
1.06354
3.29562
9.51493
4.78377
9.28886
3.42051
3.09226
2.94756
9.70855
9.17665
3.27925
9.93173
8.59225
8.3691
8.96824
9.75751
3.48002
8.64275
7.28654
7.86841
0.251834
2.12737
4.31684
9.49024
3.90962
8.3659
7.21925
1.91218
2.79351
2.76081
5.985
1.79353
5.57146
2.45996
3.86281
9.4334
1.61729
7.45873
6.63571
9.95953
5.61585
7.7342
6.62306
8.6466
9.92767
1.17833
3.92574
5.37768
3.40815
2.3552
8.166
1.3856
3.34937
5.71743
5.7933
0.530405
4.00239
4.24425
7.91098
0.0420194
4.29827
3.75131
4.19221
7.7212
6.96662
4.87131
1.865
4.91592
5.10123
5.19945
6.31031
2.30368
3.99446
0.938142
9.43879
9.74408
2.20051
1.96107
2.62438
3.99307
9.75868
4.72363
5.12128
6.83805
0.27291
1.11704
7.76735
6.89591
9.96866
3.66724
8.81422
3.14451
6.90672
7.40744
4.78786
9.12211
0.264881
6.17021
3.4853
5.60867
5.04576
0.341431
0.146438
4.57491
5.0714
9.52255
1.65348
4.90034
7.77265
8.0913
3.70829
7.10705
1.05916
9.35933
6.28552
8.30267
1.69372
4.14439
5.88145
1.95525
6.96146
4.83847
4.14486
7.17515
2.04659
4.47802
2.47986
9.72805
4.86233
8.08348
4.05538
2.47914
5.03025
7.58925
5.34283
1.86455
1.0223
0.91924
6.44183
7.08468
3.36083
4.2433
3.14777
9.37972
3.05873
9.15795
3.84935
2.8632
8.26062
9.7913
9.99696
5.90775
8.35887
6.18643
4.92138
3.28912
4.8338
4.12291
1.50377
5.99167
0.965826
1.6766
6.78672
3.69478
4.99226
8.65079
5.14194
6.00848
1.38554
8.3015
5.46601
4.58913
9.12304
8.28139
2.21467
5.18931
9.42268
7.99568
1.40572
1.25673
5.17654
1.3872
4.46608
3.81928
9.59058
2.15854
3.7114
5.35641
5.45972
3.46126
7.91085
0.854896
5.51648
3.54292
0.541025
3.32018
4.70719
6.03603
2.10306
5.02489
1.97609
6.75024
3.93111
8.52194
5.74445
7.06523
0.633767
0.988831
6.77069
3.07245
9.33141
3.02928
1.10002
3.21187
8.92062
4.89673
5.42019
6.5842
3.75362
8.74213
7.08934
3.15337
3.72748
3.87336
8.67396
7.80989
3.33844
2.04398
9.90448
7.64155
3.49261
9.72181
4.18524
8.26409
1.41215
7.43694
2.81357
6.22459
4.73252
7.03922
7.04376
1.41186
5.68827
4.82066
8.71168
4.41785
5.00048
1.11709
0.445671
7.12459
6.3874
0.359305
5.15185
5.74201
6.68184
3.29085
7.63033
4.1078
8.15854
8.91136
1.39067
9.07451
7.46888
5.57688
9.57278
9.77236
7.26301
5.16114
6.71557
2.29922
3.68438
7.12301
0.292774
4.63331
0.159267
5.32154
6.87389
7.94109
4.58765
2.25731
6.21945
0.120595
2.16134
5.89731
6.18489
2.27432
3.7866
1.18397
0.628131
2.53068
9.36196
2.33734
2.24827
0.578614
3.7964
0.996335
4.8656
3.4983
6.39866
5.90385
7.59214
2.45281
7.5755
5.4581
9.45407
8.99103
5.841
5.05189
1.6068
4.92518
8.46642
5.41905
7.03844
0.358969
8.31296
6.02066
4.441
7.28383
2.11025
0.220132
0.730712
0.380362
0.539527
4.66098
1.06275
7.54952
5.50766
2.8612
1.88593
5.98321
9.48299
6.10399
0.477334
5.94049
6.12974
4.15191
5.37178
3.43217
9.96452
8.05763
7.6793
0.55645
8.57573
5.73307
6.63782
0.66054
3.72015
0.044803
0.152341
6.78507
2.14592
3.14254
5.46926
3.42901
4.66786
6.46106
7.0938
5.53412
0.435155
6.13118
2.98347
3.19379
3.55624
0.901099
9.22388
9.99067
8.62315
8.8875
9.70792
9.52619
3.80315
6.72293
3.00475
6.56648
3.52424
0.512878
9.48937
3.21133
6.94525
6.7542
1.7986
7.53893
9.87808
4.51415
8.74294
3.96178
0.0275822
3.44305
2.94177
6.47224
2.70718
2.97372
0.691778
5.24216
0.297474
3.80617
8.74122
2.51781
7.77153
8.20529
1.0723
9.06057
2.85179
4.13222
2.51314
2.25956
7.58957
7.41686
1.41832
5.91838
4.65537
3.81187
1.06964
2.01589
3.36165
5.35565
2.38825
5.53384
6.91984
1.03359
0.270507
4.65329
8.52643
6.14142
4.72916
1.66055
1.78434
2.78112
1.8021
1.69516
5.01819
9.59769
1.46703
2.64649
4.79759
7.81985
6.97323
2.92817
4.54328
5.44441
1.12938
8.65697
2.57737
5.76769
6.23511
9.54321
4.51366
8.65975
4.27243
4.36756
4.98632
4.13811
4.66054
7.45921
6.13586
8.47626
0.00856793
0.178958
8.57133
6.9654
3.4095
6.05975
5.64952
3.90386
6.02575
8.99197
0.45883
2.97162
0.196364
4.32319
3.33445
3.59747
9.93269
5.92895
9.72308
3.31047
9.40296
1.05575
4.08973
4.97443
3.23102
1.12755
7.09648
8.80923
4.53
3.62508
5.93188
1.20746
0.998976
4.36859
0.0307608
3.85464
7.04929
4.4862
9.86999
1.25449
3.42703
6.79087
6.48121
7.81637
8.73251
8.87565
8.66399
0.528953
7.21952
0.385024
2.57662
6.68401
9.15005
0.764926
0.630846
2.12106
4.40146
4.5814
4.51202
1.89388
3.83921
7.90891
0.852648
2.16617
3.33541
5.32245
6.79085
5.53794
3.17667
4.96095
8.32228
7.8654
5.99394
3.60642
4.84456
3.75048
6.26983
1.18697
0.0972536
5.19465
5.90433
9.34469
2.52356
8.63609
1.18549
9.50775
0.679053
2.23152
9.81994
7.17894
1.33823
3.34827
2.58881
4.73055
7.88838
6.11873
0.442301
6.48788
0.346053
8.66609
8.72101
1.03932
5.54698
6.07306
9.10878
0.0314147
4.18142
8.05508
7.91492
9.45629
2.71082
9.596
1.03844
6.11899
1.20786
2.91603
2.95892
9.32895
7.22619
3.87281
8.654
6.78198
7.28391
9.60565
7.62268
1.00214
4.63695
3.48663
6.68203
7.05987
4.3907
7.81877
3.93126
5.85551
2.54972
7.49243
3.63255
4.03914
9.11146
6.11529
2.70672
7.06765
7.71557
3.01905
0.159901
2.28749
0.0548334
1.90021
7.25397
5.14355
7.48404
1.0074
6.91039
2.03304
8.69133
2.75599
5.26576
8.74172
0.377928
7.37893
1.83969
5.08843
9.77267
5.88062
4.74435
6.83032
3.66015
3.34498
2.88426
6.59239
3.52635
2.97364
9.17203
1.77345
3.47613
0.0877867
8.81879
7.21035
2.16485
5.61809
4.11515
9.1376
0.286126
8.34584
7.8606
4.74598
4.28662
0.179067
9.43499
3.0086
1.10489
8.22694
8.2726
8.51514
8.52826
7.34666
6.58163
0.418717
8.96683
0.0381478
3.7028
8.21438
2.50376
1.44806
0.34596
4.84986
7.55305
1.37453
8.51409
6.26311
4.0229
9.68577
0.0940229
7.47229
8.86905
5.88828
2.29457
0.561255
2.4961
6.73706
6.46598
4.29292
4.66372
9.84468
5.55712
0.220164
9.71756
0.184543
0.0104131
8.87244
5.16727
1.4513
8.86338
2.26016
4.02187
4.20155
0.584144
4.50688
4.16191
8.42568
0.459354
9.29904
8.55177
9.9885
7.14042
7.44164
3.62166
9.76952
0.905499
3.84452
1.02689
5.41522
6.54053
6.8589
4.27365
0.42147
3.93042
4.90992
9.2041
1.04438
3.75935
8.65219
7.37897
9.86604
0.451384
3.21183
1.75663
3.08931
8.54914
8.9996
5.2328
7.5558
9.14158
1.64542
7.36413
4.69019
1.17582
8.5045
1.7641
6.83926
2.08111
3.69376
8.67814
2.13489
6.73129
0.0500733
0.555568
1.12731
0.0715868
8.04283
5.46253
8.55921
6.07541
5.19314
5.43425
0.0549801
2.08349
1.35309
0.531807
7.98891
4.62248
9.22718
5.64486
4.8752
3.12722
3.15216
5.65105
5.2281
8.77508
9.56596
2.45364
1.72468
3.36967
5.29876
6.56575
1.16458
1.32666
6.36628
0.746255
2.68796
4.15951
2.46323
7.5515
1.53702
8.11258
0.535911
0.723922
5.10336
5.33836
7.99508
3.6898
3.09236
9.55142
1.98798
0.700123
4.17115
0.516077
4.67021
4.32571
4.39416
7.31021
3.00452
7.19067
2.12773
8.50999
4.43315
9.28246
7.21625
6.98415
9.13155
3.88019
2.54391
9.93708
2.46384
3.42134
6.70108
1.78808
8.76569
7.81347
1.50777
1.01623
8.52325
3.46643
9.13257
4.94375
8.13484
1.56682
3.22019
7.89286
5.76669
2.54204
2.04576
2.17337
3.30886
1.70487
6.31031
0.757552
3.01979
0.573069
4.67455
0.416483
4.34074
3.48814
3.4872
3.24497
2.69521
1.72166
0.117127
5.55241
3.88188
8.24261
9.97837
5.02575
3.22415
5.15052
1.11563
0.708096
7.55031
3.01731
5.57724
0.291397
2.0493
3.01341
5.90809
5.59241
5.8231
9.98216
2.83519
8.79963
0.606717
3.95804
9.51715
7.17872
8.86238
8.10497
6.45832
2.71207
0.409423
0.67404
4.29131
6.10749
0.101474
5.91587
1.09755
8.996
8.66564
3.42661
7.62017
5.25025
0.801361
0.922169
1.75158
5.76729
9.35972
8.47852
2.70779
3.76543
0.675653
5.74592
4.3968
3.47746
7.69596
1.24524
7.5094
1.79869
9.85072
5.57044
6.3551
3.76331
7.77907
9.36585
6.82784
3.29611
2.81259
9.27669
3.78396
0.271838
9.65822
6.79606
8.01258
5.47838
1.31561
9.4656
2.38655
3.38552
5.47074
0.652476
5.88266
9.80207
2.99062
5.90463
1.83292
8.25451
7.69355
8.65877
3.64532
3.56943
5.18597
2.63164
6.26394
7.73815
8.76853
4.03326
2.33921
3.34643
2.9141
2.10442
5.42754
6.23817
5.4095
8.82722
9.03409
4.01575
5.43168
1.79258
2.66455
3.4303
7.92135
6.08427
1.29889
5.59039
8.68177
8.96001
8.05374
7.23039
0.0951167
2.51806
8.45426
3.34926
3.18121
5.58156
4.67256
7.27884
6.47541
2.85447
2.79382
1.98728
6.13967
5.58489
6.14547
7.65666
8.8729
5.36979
6.70854
1.2131
3.86089
5.7355
5.80652
1.12735
6.37745
0.056219
2.42668
0.64685
2.99079
2.75977
9.04703
5.37685
0.591148
5.24709
9.46569
7.18943
3.25486
1.86002
5.93927
1.3433
6.96919
1.48798
3.44302
7.96222
8.36657
5.57007
1.13841
5.33353
1.69356
9.02925
7.04082
4.48581
9.14361
9.35706
9.3332
7.39959
2.09989
5.69826
1.02239
1.97672
4.38247
6.80257
8.49371
7.25043
2.71673
1.34651
2.49836
0.0532318
2.17816
6.72485
0.110657
7.81376
3.01201
7.75345
7.1725
3.42337
7.27696
7.07585
2.36203
5.95795
0.605962
4.83631
3.13679
4.74629
4.29983
6.82631
5.59558
6.62103
8.15209
2.64199
4.10466
6.87956
6.29129
7.1523
8.28169
3.73209
