8.40188
9.11647
7.83099
2.77775
4.77397
1.08809
9.98924
2.18257
5.12932
8.39112
6.1264
2.96032
6.37552
5.24287
4.93583
9.72775
2.92517
7.71358
5.26745
7.69914
4.00229
8.91529
2.83315
3.52458
8.07724
9.19026
9.49327
5.25995
0.860558
1.92214
6.63227
8.90233
3.48893
0.20023
4.57702
0.630958
2.3828
9.70634
8.5092
2.66666
5.3976
3.75207
7.60249
5.12535
6.67724
5.31606
0.392803
4.37638
9.31835
9.3081
7.20952
2.84293
7.38534
6.39979
3.54049
6.87861
1.65974
4.40104
8.80075
8.29201
3.30337
2.28968
8.93372
3.5036
6.8667
9.56468
5.8864
6.57304
8.58676
4.3956
9.2397
3.98437
8.14767
6.84219
9.10972
4.82491
2.15825
9.50252
9.20128
1.4766
8.81062
6.41081
4.31953
6.19596
2.81059
7.86002
3.07458
4.47034
2.26107
1.87533
2.76235
5.56444
4.16501
1.69607
9.06804
1.03171
1.26075
4.95444
7.60475
9.84752
9.35004
6.84445
3.83188
7.49771
3.68664
2.9416
2.32262
5.84488
2.44413
1.5239
7.32149
1.25475
7.9347
1.64102
7.45071
0.745298
9.50104
0.525293
5.21563
1.76211
2.40062
7.97798
7.32654
6.56564
9.67405
6.39458
7.59735
0.934805
1.34902
5.2021
0.782321
0.699064
2.04655
4.6142
8.19677
5.73319
7.55581
0.519388
1.57807
9.99994
2.04329
8.89956
1.25468
9.97799
0.540576
8.7054
0.723288
0.0416161
9.23069
5.93892
1.80372
1.63131
3.9169
9.13027
8.19695
3.59095
5.52485
5.7943
4.52576
6.87387
0.996401
5.30808
7.57294
3.04295
9.92228
5.76971
8.77614
7.47809
6.2891
0.354209
7.47803
8.33239
9.25377
8.73271
8.31038
9.79434
7.43811
9.03366
9.83596
6.6688
4.97259
1.63968
8.30012
8.88949
0.769947
6.49707
2.48044
6.2948
2.29137
7.0062
3.16867
3.28777
2.31428
0.74161
6.33072
2.23656
6.51132
5.10686
9.71466
2.80042
5.46107
7.19269
1.13281
4.71483
5.9254
9.44318
4.50918
3.36351
8.47684
4.34513
0.0323146
3.44943
5.98481
8.33243
2.33892
6.75476
4.8295
4.81936
3.04956
7.12087
1.82556
6.21823
0.408643
4.13984
6.95984
6.73936
6.3764
3.47116
1.84622
6.09106
6.27158
7.30729
3.28374
7.40438
2.02213
9.20914
6.84757
6.5313
2.57265
5.32441
0.876436
2.60497
8.77384
6.86125
0.937402
1.11276
3.61601
5.7669
5.93211
6.66557
2.88778
7.75767
2.88379
3.29642
1.89751
9.84363
0.0357857
8.27391
3.31479
1.88201
4.36497
9.58637
9.1893
7.64871
6.99075
1.21143
6.85786
3.83832
7.74273
9.43051
9.16273
8.61917
2.03548
7.93657
5.48042
2.97288
9.04932
9.09643
8.73979
4.98144
5.762
1.62757
2.73911
8.64579
4.92399
4.63662
8.48942
4.95977
2.91053
1.80421
6.84178
7.2755
1.39058
6.03109
4.92422
8.38134
7.24252
1.78208
2.21966
4.98525
1.21259
1.38238
3.60443
3.24807
9.31895
9.08485
6.22095
8.36828
8.18128
4.96074
3.34972
3.94327
6.58831
6.08883
2.58906
1.5123
0.72545
1.07848
6.47207
3.63598
2.8827
3.31386
0.911486
4.27328
9.34495
5.8357
2.65461
6.58747
7.61778
4.87427
1.57272
8.83037
6.25665
5.17715
2.07844
5.57561
4.26199
8.29939
3.94388
2.44327
3.26013
7.2936
6.38654
9.84845
3.38243
8.9756
1.36075
4.10788
0.0540855
7.83282
7.74386
2.93678
1.14668
8.65535
7.21006
0.491625
4.49105
9.86467
7.07909
2.10883
4.73894
8.65181
0.939195
0.995593
3.82896
3.01763
6.5712
8.09095
1.31702
0.515083
0.534223
4.57716
7.80868
6.92076
4.4256
1.19111
5.89637
5.78635
5.29899
5.95045
3.61917
3.04285
8.88723
4.76585
1.6982
6.09729
5.25747
6.18925
5.96196
2.33656
8.29808
0.700902
0.988374
9.23728
1.69649
4.81733
2.25491
8.26769
2.90829
3.57193
8.78278
3.44251
8.14909
6.59146
0.363274
2.57469
7.78257
6.25964
8.36104
3.08157
2.21009
1.98021
6.12442
1.09733
6.74605
7.82262
7.19462
2.00352
4.01188
3.15658
4.34009
2.30996
3.85748
5.32846
1.54724
5.55398
0.145793
3.80215
3.82167
3.05408
7.37408
2.60445
6.49659
5.52316
9.19591
6.85986
8.09785
6.97848
3.1195
6.45889
0.0600477
5.3296
8.4391
6.18447
6.42693
5.18515
4.00709
3.62154
7.18867
8.01897
6.77812
1.52876
0.328927
0.635606
6.85722
1.87616
6.18958
7.00301
5.67831
0.0112548
0.0570914
3.05239
2.6157
6.55368
8.57555
1.81161
3.41354
6.67341
8.79009
6.53305
3.1323
8.85014
1.86265
1.57139
5.03461
8.28957
6.75654
9.0417
1.91112
3.94521
7.06067
8.68924
5.47397
7.38959
9.32485
2.33119
9.26576
5.51443
9.3342
4.94407
5.52568
9.39129
7.99646
8.14139
5.94497
6.57201
9.953
9.35852
3.24541
8.74309
5.89157
6.37771
7.59324
7.75421
7.9491
2.62785
6.04379
4.70564
1.66955
7.9549
8.65086
8.73021
6.64414
4.12483
6.11981
5.96899
6.45602
5.38557
1.48342
5.79022
0.329634
7.0091
5.18151
8.32609
5.15049
1.12648
4.8981
5.10349
0.484997
8.14351
3.84658
6.37656
4.52122
1.43982
4.13078
2.47033
4.06767
0.174566
7.17597
5.73721
8.12947
5.82682
4.46743
4.77361
9.95165
0.587232
0.742604
6.40766
5.9728
2.22602
2.19788
6.30243
9.23513
7.37938
4.62852
4.38562
8.50586
9.52662
9.48911
8.99086
7.67014
3.33569
5.36742
2.19136
4.77551
9.4982
4.66169
8.84318
9.67277
1.83765
4.58039
7.80224
7.66448
9.04782
2.57585
7.61612
9.63505
3.31846
4.02379
5.60785
5.54448
6.22167
1.91028
4.77961
3.60105
6.5388
9.16523
2.10692
6.06542
8.65434
1.09778
3.73556
1.99003
6.4652
5.92692
6.76554
5.96341
0.588605
5.60872
5.63617
2.42626
0.189108
3.43841
0.0907344
9.23692
6.01427
7.70686
8.87197
9.33273
1.73065
4.47982
4.87721
7.95231
6.39009
9.65682
1.55336
2.92889
8.82204
3.66028
8.99431
7.47638
4.75806
2.72987
9.4664
1.22326
8.65679
6.23194
7.18666
9.24539
1.84066
2.82284
1.67165
2.02977
6.26125
1.76239
1.26669
2.27552
9.46925
0.138663
1.60824
1.19989
4.61848
6.48545
9.15221
1.00857
6.14227
0.70557
3.93746
4.96431
4.36585
2.93177
2.44069
9.12391
5.66164
1.90709
0.347164
4.31844
8.13904
7.53383
3.56383
9.9797
0.356664
5.23548
2.00947
6.61792
6.99787
3.27616
8.89343
6.46712
3.41482
0.501679
7.66701
8.0333
6.98713
6.81922
9.04187
3.1294
7.52479
2.97933
8.09371
1.89064
5.91111
0.534394
1.01454
1.57275
2.44149
1.36171
5.89119
0.580523
8.89553
9.45502
0.560222
9.2522
4.6905
2.56969
5.87011
1.68837
5.84585
4.76355
8.15549
9.26068
5.26523
5.8225
7.29398
2.25236
2.64172
6.33585
5.38175
0.166506
9.31518
3.47546
2.05714
5.22629
4.00985
3.07168
6.79904
6.45134
4.43339
2.69022
7.03186
3.32892
2.14524
7.59208
2.58112
6.83574
0.161775
8.45123
8.52411
6.00763
3.21478
6.6796
5.2683
8.48
2.5021
2.56228
0.732357
5.14382
8.89813
6.11411
5.31033
8.21331
9.58957
7.36747
3.43959
3.59942
0.439153
0.238632
0.050762
4.87254
2.92886
7.08262
8.20146
5.0741
4.67471
0.782579
1.90984
4.83648
9.23381
0.433947
0.84411
2.44858
7.11355
6.11241
0.928584
9.61565
8.67469
1.66094
4.75947
7.57282
7.77505
0.0698012
5.78613
7.36462
7.43727
9.22572
0.964041
7.87642
9.46435
1.0148
2.74897
2.39321
8.09743
0.950427
7.4673
2.77214
1.73301
9.37714
7.60862
0.966814
9.81109
8.45273
3.4154
6.92463
4.56514
4.34398
6.54029
3.23983
6.00492
1.29976
0.81265
3.77997
1.36956
6.59878
1.14459
8.80683
5.8245
2.10863
6.68326
5.28885
3.12343
9.43222
7.68206
1.22086
0.382648
5.14936
3.993
2.11565
4.5265
1.60162
3.08247
4.33758
0.0543489
6.49787
1.26222
4.61949
0.841846
7.80251
7.85932
6.84677
9.10227
8.67197
0.62674
0.471826
5.27075
1.77133
9.27866
1.09525
3.87996
5.96191
6.38409
7.0034
5.39413
4.06615
8.22426
5.77678
9.21551
2.21726
7.89244
3.74201
3.81888
0.974906
8.07959
3.87323
7.47277
9.34181
8.49272
8.31462
7.14432
6.35204
5.16139
6.24658
5.02401
5.78813
6.71841
0.294762
7.55945
5.99707
1.39001
1.43942
1.95898
7.7741
8.44281
7.35311
1.84025
6.66707
3.1299
1.05576
8.88433
1.02233
4.79777
2.70321
1.99724
2.87736
9.47001
2.21918
5.06915
7.78463
9.36349
1.42119
2.94601
5.61007
6.4452
8.73414
2.32848
6.73996
6.29359
8.32555
8.12997
7.73301
0.284525
5.90407
6.17582
7.63764
7.74432
2.84289
0.767534
8.80009
1.72722
1.78987
3.59786
4.43043
3.7871
6.47522
1.00686
3.25711
8.6944
6.076
1.04174
8.05789
7.49719
3.98775
3.66796
3.94239
2.72189
5.99644
0.682348
9.01549
4.32199
8.81232
6.7485
4.60652
4.71639
2.92432
2.24415
2.46071
5.76721
3.01169
1.2608
7.49443
4.80155
4.85866
1.92486
8.58866
1.33388
2.93171
1.84577
0.0282779
9.00772
2.88752
8.08617
6.50491
6.87527
1.75413
0.447295
9.59716
7.75058
1.12964
8.61265
2.07257
9.94196
5.36115
6.67908
4.65835
8.28546
8.92324
7.11906
4.05267
1.93493
8.37986
1.5471
6.73648
3.23852
3.47196
5.32514
4.5724
6.40368
7.17092
4.60067
5.4114
0.0584319
2.68684
1.9163
6.9337
4.44097
2.3636
6.53087
2.19155
3.49324
5.14352
4.26412
3.4352
0.504663
0.943199
8.09355
8.79013
9.86644
5.21261
2.8428
1.80136
3.59247
4.3899
8.53784
6.83098
7.86187
3.86299
1.40338
4.26555
1.0339
6.00405
9.67694
1.09233
8.6909
1.59324
8.02604
3.13187
3.95684
4.5569
5.32342
7.45008
9.70042
9.58753
0.885283
0.205084
0.530733
8.97883
8.99521
0.39717
4.19144
1.83801
2.19853
7.78391
6.22791
0.736379
4.61489
4.08978
4.59936
6.01827
8.35533
5.63327
2.02232
8.03227
6.7256
0.71322
9.62551
4.75164
3.84509
3.58235
9.30854
9.16851
1.03244
9.00896
8.75604
1.91772
9.21405
9.28678
0.89655
8.20926
9.68395
5.08799
0.0472651
1.88248
2.87189
6.27518
2.61886
7.48678
0.364959
7.21822
3.50505
8.72028
2.85149
5.52738
6.75255
9.57709
6.2406
6.37806
4.32873
0.0856861
9.96041
3.63727
9.2542
0.992851
2.64624
8.01024
2.91057
1.86029
7.29702
3.80712
0.0695418
6.98096
8.89511
0.116807
8.86344
1.767
6.39199
1.4823
9.25379
6.75694
8.70053
2.75884
5.47723
1.55202
8.28622
2.22978
1.12911
4.52681
8.60784
5.45784
4.6125
8.56826
9.09512
3.86669
9.56111
1.74136
1.87693
2.47168
3.60164
9.17395
6.2788
3.67118
6.15491
5.17391
3.78799
5.01835
6.94091
0.179977
6.50066
6.1947
6.93692
5.20118
8.95354
2.41415
6.7532
7.23975
4.64393
7.88231
1.76656
3.25177
3.34016
6.37906
1.82003
2.43528
0.245755
1.38114
4.17663
2.12269
3.85282
7.77828
1.29663
0.131615
1.44946
7.45154
5.30552
5.23745
2.4699
2.24643
5.41743
8.97055
8.44113
2.35435
4.17174
7.39467
4.7685
0.924937
4.63442
9.41243
8.80725
6.40098
2.6642
2.14741
2.78005
4.48423
4.58269
3.0258
5.86537
8.75932
5.14849
9.71818
6.5376
6.44512
9.8498
7.98706
3.89667
5.15532
3.22451
6.36656
7.40175
8.64194
5.33712
5.84288
0.996293
9.50885
3.23755
5.76479
0.43379
7.87197
5.17722
9.24104
4.27295
7.84142
1.38845
7.053
2.32565
5.97113
0.0788008
8.19102
4.73045
5.22729
7.9092
1.26805
1.67241
7.75899
9.25511
5.56908
2.91431
2.47962
1.93564
0.316064
1.12157
7.27276
6.15894
2.11786
6.78161
9.39649
7.88265
7.2154
7.26846
3.05987
6.45644
1.54141
0.901297
7.84489
8.59441
3.22695
3.81603
8.67321
1.41796
8.54648
3.9005
9.32716
9.81453
5.57291
7.08616
9.06964
1.14199
0.000468777
1.54927
3.07763
0.316532
2.67083
0.350389
6.47548
4.78869
7.132
5.87197
2.67134
4.3474
3.14043
5.73122
0.80384
4.68185
6.63252
8.64873
3.27626
9.85946
2.46476
1.94948
1.27743
1.01124
5.84998
0.604589
0.82577
1.42289
7.69074
9.89541
2.56489
7.69121
1.44468
5.64252
8.00775
4.11551
5.99291
4.48322
8.9042
3.12491
0.355193
1.57555
7.47231
3.49562
7.30677
8.27615
8.17747
3.93928
6.92488
1.45373
3.79874
9.38963
3.40321
5.07617
0.400871
9.25318
5.68076
1.22664
0.676078
3.3715
1.12205
3.24096
1.06272
2.56673
8.88348
9.07046
6.68225
4.87639
3.55369
5.58645
8.00129
3.90888
7.16199
5.4736
7.4045
4.46876
3.74975
5.58198
8.40804
0.674623
7.03571
2.20679
0.064256
0.438913
7.28296
0.465127
9.6921
2.96372
1.69177
0.368176
6.33522
2.81382
3.60914
7.39794
5.38055
2.49262
6.4684
2.0628
7.36901
0.0220922
7.64925
5.3703
3.93097
4.81124
0.843902
1.33548
9.28
4.59365
6.91745
7.68804
5.26827
3.95316
9.89483
5.33253
4.39207
7.17778
5.79765
4.08417
0.141502
7.48942
4.45235
6.47672
0.30324
8.06149
3.87466
5.68379
0.554106
0.343068
7.74659
7.92311
0.36516
5.39584
3.29342
4.29613
0.207081
4.13732
5.63161
9.48708
8.73097
2.54906
7.17512
3.99924
6.50222
7.06995
9.33176
0.894297
4.24774
5.12941
4.97847
4.38924
2.61883
9.43081
0.865962
2.92207
7.4923
4.74063
8.60587
8.04641
5.08369
6.35246
5.96952
5.44885
1.7483
9.26294
9.74499
1.95538
3.40026
5.3766
1.44246
2.13122
7.92566
8.61759
6.13046
4.42789
5.68754
5.46222
5.32218
9.93528
0.591633
0.300651
4.32452
3.21047
9.73147
5.19048
6.13254
7.22377
9.9311
4.73841
5.27017
5.0148
1.09087
1.23969
0.463652
2.83917
0.502633
0.208639
4.79455
3.90289
5.58524
6.23701
6.03411
3.5109
4.8546
2.16457
7.93879
0.54214
7.62679
3.26097
0.477418
8.21842
3.56162
4.80193
1.42889
3.29309
9.99241
7.56143
0.516851
9.92352
2.29984
5.78702
4.93831
3.39071
7.02672
5.40197
6.22988
7.52935
5.6106
1.02443
1.43224
1.19584
7.26144
7.46635
4.70674
2.11604
9.63092
2.64553
2.65818
7.25771
5.90649
3.1356
5.47613
9.46811
7.93753
6.90502
2.7612
7.92995
4.46645
3.27805
7.85346
6.76628
9.06507
2.79178
0.156992
6.09179
8.19374
6.38687
3.62115
3.80434
7.4113
5.05339
5.00019
4.67274
2.51974
9.70693
6.78878
2.15066
2.35245
9.44697
9.40837
8.25895
2.58257
4.8845
7.72706
0.520103
1.78952
0.488258
8.45005
6.25596
3.76631
6.30351
3.02225
2.83138
9.09529
3.17924
8.92318
7.28903
9.56611
2.54432
1.09337
6.97741
7.59771
6.09356
1.65015
0.117453
5.80048
8.43894
2.26811
8.15294
7.8859
1.67648
6.41188
0.468473
6.56098
4.13894
0.988576
8.3505
4.6272
9.43863
4.60646
8.39351
5.74214
7.62871
1.22489
4.83742
0.807953
0.148069
2.12645
0.374063
2.69239
3.21982
7.35147
0.290106
9.31338
9.00163
0.407559
5.11386
7.44056
2.67567
3.2668
5.32647
4.35216
9.67868
5.79494
0.913142
3.81762
6.78351
9.26364
8.44482
6.22214
3.87011
6.83833
1.96428
1.49882
8.06322
6.8017
2.30677
8.21129
8.92815
2.68084
0.903681
2.14797
0.0323105
1.19379
1.46135
9.03394
1.60135
6.57522
6.4745
4.27702
9.84202
1.80096
8.62918
9.5207
7.5959
9.54232
3.33832
4.37942
8.80596
1.78314
0.601557
2.67607
8.62147
2.56583
4.17489
6.68469
9.36753
6.48167
4.89597
8.29569
9.1625
5.79965
0.443661
9.19481
6.99344
1.90501
8.22875
8.59479
8.48023
4.70325
2.87181
8.32225
6.50421
1.50099
7.84295
4.10011
1.04331
1.18126
8.47953
9.84927
2.9644
9.08109
2.52535
1.58587
1.64692
6.70024
8.27056
1.01446
3.18191
3.16653
9.31014
2.34441
8.96618
9.7538
1.53923
5.95963
1.65882
9.76798
4.55442
0.139049
4.47123
7.42623
8.4613
0.975437
8.92721
6.30424
5.07555
9.97052
7.48551
3.55508
9.8198
0.44991
2.63616
2.34514
2.03578
4.28308
9.04539
0.306337
5.29754
2.22729
3.47287
4.60768
4.57171
2.43905
4.36149
6.11093
8.39868
6.0203
5.87891
2.95309
6.15935
0.350138
0.37932
4.62065
1.32558
9.30653
0.924893
6.40113
9.27706
8.4104
9.9562
9.09686
8.86031
2.59237
1.442
0.89609
6.87545
0.487385
1.20243
2.173
2.71468
4.67529
6.78068
7.28638
7.11434
1.14216
3.39732
5.51302
7.16247
9.27623
8.46611
3.32182
9.62637
8.84543
7.94247
0.951945
8.15197
8.86736
7.35307
7.42903
7.27776
7.30928
6.52588
6.13807
9.90164
7.96788
7.03416
6.7771
8.45527
8.23659
8.9501
1.16995
2.91188
5.73077
8.45633
0.0262258
6.87294
1.85365
5.53925
4.03541
1.12988
4.00536
7.35723
0.756249
2.8508
5.2997
1.70819
1.00276
4.16706
9.06126
8.43179
1.44482
6.37054
4.95767
7.5829
6.27218
2.92555
4.61706
3.04929
1.38082
2.85365
1.99938
2.55077
5.76553
7.73016
1.00709
5.79176
4.60309
2.86074
1.331
8.6385
3.99062
5.33636
5.99573
4.74687
8.18716
1.29542
6.45506
9.18992
5.46248
5.51633
7.62171
6.90731
1.88687
2.57939
4.4902
8.15905
5.50494
9.10726
1.20834
6.88576
1.96091
3.20772
9.43652
7.72644
0.937877
0.443619
3.51819
5.54097
3.30436
4.84919
4.17947
7.29498
0.185558
0.175198
2.04186
8.37272
1.47062
8.49692
7.56264
6.93311
4.01325
5.18436
3.84041
5.90012
7.76374
8.33062
4.05917
3.26868
7.43788
5.26751
0.154439
9.39879
8.47523
9.59096
7.12522
9.41311
0.0345808
0.643416
4.95408
3.33894
5.49261
9.13355
0.633928
5.67817
9.30875
2.67578
4.05089
0.77937
1.17271
1.61353
7.71248
5.18596
6.79788
1.55289
1.08608
4.56162
9.88351
5.14525
7.83031
7.32138
0.41276
7.98474
6.72017
8.88799
7.57571
3.84539
8.3011
7.61029
4.48881
3.25518
0.94923
9.98142
2.38873
1.58316
5.65959
1.69748
4.25894
9.71047
2.47685
5.43165
1.324
0.189329
0.617606
8.12189
1.74222
1.70368
2.68351
1.62573
6.84893
0.513816
8.94711
7.26169
8.49856
5.66728
6.14968
6.07427
9.51267
4.45079
3.68455
4.00148
7.70597
4.63378
3.9829
0.0947013
6.21694
9.64248
1.79218
0.475882
9.35296
4.26904
5.90753
0.67696
4.45836
6.52514
8.79885
6.20058
8.22882
1.48236
7.82631
5.07775
1.99617
6.77342
2.33944
0.494732
2.44069
8.48912
6.569
1.95336
2.93991
0.253549
5.95484
0.645876
4.88733
9.93774
0.740577
1.10427
9.58022
2.53276
1.58015
8.93318
6.8018
7.48768
9.61014
1.26016
4.01282
8.40899
7.46074
2.24164
9.89134
5.28705
7.31938
1.88752
2.06047
9.65882
2.38225
4.50117
8.14794
8.95125
6.45453
1.08785
9.20479
2.40937
1.73373
4.09213
2.34711
2.4743
5.1964
1.92734
5.00707
6.77655
0.860517
4.26423
3.06902
8.87964
0.518689
5.81682
0.658506
7.4969
2.37846
1.992
6.73269
1.24236
5.28892
0.940727
5.51681
7.26187
7.75665
6.84799
9.80315
1.35545
4.49862
8.15991
5.04956
8.19788
1.30165
6.26101
1.38667
6.50077
1.09285
7.16091
3.38929
2.98698
5.94888
1.97162
5.5626
6.07387
0.499329
5.21834
9.89059
2.97691
3.6061
9.22658
6.74129
1.66837
3.16884
4.44379
3.25206
7.70407
7.26575
4.95297
3.00275
2.88957
5.26061
9.05096
1.52413
6.34344
1.26579
0.123013
1.29737
5.84121
0.620666
1.02434
7.71578
3.07366
8.40409
7.80987
9.05346
4.90891
8.80735
9.46527
5.98775
5.46172
1.37874
5.26062
7.37611
7.14233
1.38684
1.86951
6.89509
4.08414
2.9698
6.70602
2.59345
6.33734
5.57481
1.73228
1.61133
8.81611
2.77873
5.66618
5.17856
8.15162
0.975185
5.66801
4.9643
3.16945
1.64617
9.95737
1.49041
5.64042
2.09732
8.62779
4.5667
6.69871
1.52062
7.50027
5.17341
3.26458
5.67302
4.01886
8.68474
8.57143
7.06378
4.57052
4.8235
5.61941
7.58364
0.629468
1.69109
9.49576
9.69308
9.9109
2.64793
1.01507
2.10806
8.95828
2.22225
1.12371
6.0585
7.84022
5.90518
7.80283
7.70682
5.63915
5.76048
2.60963
2.13094
0.320041
5.696
3.09982
6.36905
8.59687
9.5878
7.87733
5.41482
6.52831
9.17717
4.80881
2.76344
6.28191
5.58287
3.97747
1.41207
2.49267
5.63263
4.91214
7.65058
0.592977
3.2296
2.88468
4.18785
9.96442
3.74413
0.249018
5.22119
5.03148
5.42247
8.51786
3.30647
3.9426
6.60302
0.940773
2.36375
1.49199
0.00405591
4.23776
3.78966
7.55693
8.97541
4.04136
4.33687
5.00065
8.08179
6.59387
4.52905
0.327351
9.39121
5.38568
2.80187
7.34831
1.25433
6.99784
5.78825
2.57778
2.36071
8.96026
5.69198
6.45693
7.47942
5.16203
3.58727
3.14054
6.7575
4.73345
5.40389
2.36531
3.66783
1.70221
3.91792
4.21975
0.899137
2.97622
7.14091
0.364889
2.48395
6.6288
1.0163
9.04971
8.29557
7.33318
5.86491
0.357675
9.06164
8.98882
6.33988
9.25819
6.38857
3.83013
1.66755
8.14982
9.72194
0.222729
4.54797
8.51204
3.0556
6.54299
5.54371
8.45325
8.96055
7.58491
0.650635
2.53945
9.0775
0.56869
0.564608
4.89656
3.49713
1.02479
4.39173
0.888636
5.38205
6.36783
4.3323
5.53111
2.26314
8.59329
9.95912
9.95298
7.50232
9.78167
9.24018
8.35348
9.79752
0.782409
8.91509
1.63657
9.10267
5.2229
2.82547
6.72782
3.87003
8.00239
6.45385
2.86577
8.47705
2.0231
7.32568
0.454541
9.75484
1.31244
2.90799
2.96707
0.953408
5.44564
8.94397
8.86749
7.49457
6.64316
4.82525
7.90458
2.15638
1.01953
0.304262
6.60526
2.71102
8.72903
0.866714
7.62968
9.88606
5.599
5.24878
1.64405
1.33637
6.69177
7.79614
9.46393
4.52404
9.43459
1.95753
4.8874
3.95754
0.28757
5.31254
6.64438
0.992575
4.02864
6.70987
8.98471
3.9599
4.20787
0.272838
1.70857
4.15526
9.62518
7.183
0.781347
8.12902
5.9648
8.98617
8.64016
4.85257
6.22011
8.34149
9.60868
0.881301
4.05744
7.48836
5.95102
6.90917
7.75641
0.0887705
5.23271
9.60668
1.65934
3.8067
8.57159
2.9683
0.221705
9.99652
3.61119
3.64695
2.03196
3.43464
2.77892
3.55916
4.43597
9.0731
1.86572
0.8662
7.27262
3.82457
3.33217
0.635912
8.10266
3.38426
1.51025
9.38247
8.16651
1.52518
3.16091
1.48077
8.73228
7.26557
9.23364
4.12306
2.80467
2.35047
4.7405
9.6907
3.61881
4.55701
0.106171
8.67127
6.75659
9.21812
5.28079
7.51439
1.25275
4.61106
2.91173
6.99265
6.68175
1.85323
2.32951
4.26541
4.6189
1.07738
2.7619
2.99775
9.9451
9.43601
2.91475
9.23895
1.73036
4.65389
2.58413
0.358477
0.989663
0.688135
3.75564
9.26749
3.77597
3.09961
0.0935241
6.05637
8.31323
5.2645
2.44277
5.39549
8.35346
8.81521
1.69592
0.203474
1.38539
6.00475
5.84516
3.51557
5.61712
6.15899
2.71254
5.74926
7.70774
2.25375
5.51721
4.32364
7.69862
4.80826
2.31253
2.08012
5.90334
8.83896
3.35712
1.36962
8.96971
4.68488
9.74398
2.70803
1.44791
7.60223
2.61102
0.835797
5.06471
9.70417
0.655793
1.07517
9.86917
8.30764
2.26866
2.20054
7.20587
2.92063
7.31957
4.40157
0.590435
5.73261
3.92965
3.51109
2.21246
6.37161
4.99956
9.42739
7.36091
8.09503
7.41229
0.867955
7.18099
1.56801
9.41724
3.26804
7.97337
3.20913
5.56905
0.897392
9.93547
0.649769
4.71579
9.80376
7.81219
1.70628
8.19436
9.84264
6.36282
9.87592
7.38023
5.78774
2.14462
7.25663
5.71708
5.49519
5.42302
0.587587
6.22212
2.21551
8.29014
9.25878
6.49603
1.85987
0.512077
8.63891
4.87976
3.24591
3.42352
4.73805
8.65657
4.79315
6.37819
4.2184
5.77209
6.63461
0.355706
0.546747
4.99481
9.71058
4.14241
3.3992
2.77614
6.04654
7.14766
5.34025
1.01782
9.88382
5.51415
9.9963
0.536133
5.34848
2.5243
7.74357
8.30184
3.02601
5.80364
1.46641
3.07032
4.77943
8.29753
6.02221
0.253088
6.71135
0.00824207
7.05347
3.33857
1.43621
8.29717
3.38199
6.63394
9.04326
2.83321
1.01735
8.02262
6.12152
5.91647
5.6355
8.04975
1.93679
9.05452
8.60237
1.39221
8.25596
9.21837
6.2884
8.04596
8.28988
5.84132
6.78271
5.10402
0.184091
5.04796
7.19004
8.16646
1.15571
8.11709
9.61406
9.79666
9.19869
9.50798
4.86733
0.818735
8.43312
2.46445
0.523992
8.12006
8.58895
6.52768
6.26573
4.90581
1.91511
7.17951
2.5322
9.3992
5.99119
7.21797
6.46113
4.01573
4.69676
0.110069
4.04864
5.92883
1.39814
8.41657
7.15065
5.0853
6.34528
0.594924
9.24097
0.608362
8.9013
6.09068
5.86303
0.256669
6.58659
5.78054
8.59686
3.27282
4.16589
7.65887
5.01178
0.382287
5.00898
0.234531
0.971331
9.48211
8.66922
5.23506
5.67921
5.09205
5.85846
2.90104
2.58196
4.45033
7.86326
8.06438
4.85337
4.23209
9.42388
4.1123
5.30952
0.267842
9.1672
8.511
0.994628
7.11222
4.47564
1.30842
6.18712
3.80544
7.86796
6.92542
0.316495
2.58368
5.62414
0.135584
0.290395
4.9124
5.90633
4.30401
7.02645
3.75405
1.42949
8.55968
0.821224
1.66699
4.23495
1.41051
9.74993
4.29182
0.690179
6.30773
4.83083
0.438174
4.64353
7.63811
6.15842
3.17206
6.45464
5.20451
4.09687
5.96504
5.46393
2.88326
1.36975
0.587931
1.60248
3.0405
8.11579
7.17047
8.22086
4.42931
6.20075
1.96719
9.33311
9.93125
4.04321
1.76179
3.27184
4.72099
1.82014
6.70152
2.20459
9.85593
3.2207
3.07971
1.835
5.82084
5.11039
0.691138
4.95973
7.87347
6.51867
8.51007
4.28032
4.43211
8.53999
9.52308
0.875648
1.06496
6.40542
5.53791
1.65369
6.27616
9.14678
1.20757
7.58969
3.10944
8.71631
3.89888
4.85058
9.09708
9.46461
4.13516
7.99917
4.43661
9.34478
2.645
1.33326
7.76254
5.88846
4.58655
8.05114
7.58651
9.31551
9.76408
9.81637
7.55667
7.48131
9.62125
6.89194
9.88506
4.03237
7.23519
1.45122
5.84568
3.96784
0.817827
8.12821
8.78644
9.88972
1.60982
7.41167
8.98709
0.858311
0.373466
2.6662
3.98698
2.78859
2.06421
6.2199
1.57949
8.34212
2.20673
0.801656
3.91405
9.54368
0.397475
4.69035
1.84833
7.9929
3.29892
2.48033
7.35767
8.50806
9.50873
7.33178
4.91571
3.48555
2.14422
8.1156
4.97858
1.58214
4.61462
4.76062
1.82116
8.68475
3.41262
2.40597
6.434
0.192173
5.64199
7.03096
3.19784
7.68013
4.80371
1.40033
3.45501
5.15835
9.25497
4.53259
2.67249
6.19621
4.38242
6.85539
9.5162
6.75915
4.57151
5.71589
4.30662
3.11141
9.19176
8.89262
7.49422
0.716397
3.96995
7.82533
8.46632
2.72754
2.62371
3.66516
6.63049
7.2981
4.21442
8.97136
6.41001
7.63137
6.59452
8.24853
0.574968
0.83794
4.21391
1.18735
2.6848
5.52897
3.49781
7.44841
9.61843
1.33031
7.7605
2.35388
2.38445
9.77227
6.50924
3.06772
6.98573
1.62912
2.56892
3.87987
6.73135
0.562232
8.60296
0.357464
2.75716
2.05424
1.98945
4.68817
4.39338
3.35287
2.48125
7.98683
0.32625
0.666617
2.43243
8.1489
3.95532
9.39294
6.72178
0.779679
1.43818
9.9966
7.24205
7.80153
9.14522
2.53805
7.575
1.09345
0.140841
0.79642
6.30655
1.73704
7.65645
2.82016
0.880377
3.85717
6.43376
5.74618
8.53855
5.31124
4.70211
9.31024
8.37417
0.178355
2.16375
1.08828
9.9201
8.73217
3.9553
1.95478
5.15216
7.15423
9.66573
5.26173
6.44812
5.88805
8.42226
3.42735
5.60197
5.31144
4.58048
6.23601
9.22505
2.07712
6.52051
8.01603
9.84386
3.25859
8.07067
7.71387
9.09329
5.66903
8.8002
4.31197
2.70209
2.16789
6.02314
1.78314
3.37208
8.42854
7.89217
1.56525
1.61482
7.24562
3.34416
4.20429
8.56141
9.95299
8.9697
1.76379
3.88838
8.95435
2.33557
5.15971
4.59775
5.60023
0.0328197
0.225948
1.98933
1.33314
2.43106
7.77093
5.41075
8.35409
1.98887
6.05223
4.04956
5.78877
5.74408
2.09278
4.53673
2.83175
4.8585
6.21719
0.529265
2.18131
3.08776
3.9528
7.67615
2.87895
2.42477
5.54228
3.93777
2.85946
2.27952
0.0236773
2.64525
1.3858
5.91312
4.35157
5.15333
9.40271
6.48511
6.73959
5.66241
3.82628
8.54973
4.56151
0.699601
2.16935
2.37321
9.79537
5.04845
2.52221
8.78417
7.40396
3.40664
2.17858
0.162189
4.05301
8.53671
3.91178
7.24785
9.57394
5.89427
0.926569
3.93632
3.28595
1.90312
9.94635
2.68193
4.62479
4.15699
5.98032
5.72154
0.143773
7.91261
1.3447
2.52885
3.1079
2.66194
6.6906
4.75641
5.58304
5.7847
7.34682
2.8797
4.55519
8.77498
1.35586
0.568833
8.75478
5.55519
3.6419
1.01812
6.50716
0.78427
0.278327
3.17431
2.20022
1.39076
7.42564
1.51865
1.30715
2.51634
4.79015
4.16264
1.56662
3.64441
7.80187
1.95831
8.3426
7.50679
8.28327
4.48229
9.64012
0.0305258
0.143505
9.04658
1.8428
4.11366
4.6481
0.17788
7.99413
1.42323
8.48482
0.105039
6.12413
5.44834
8.29294
4.89089
5.80368
4.99881
6.47059
7.39784
5.60831
4.94634
9.7878
6.47113
8.94651
3.57794
1.27591
4.25875
1.29481
1.80745
9.63773
7.5208
1.61975
1.3886
6.565
6.40373
0.297934
2.42973
6.47429
7.86766
6.79523
2.85213
5.12858
5.47119
6.81798
6.01114
3.97697
1.89713
6.05156
3.68705
2.07217
4.78987
1.44084
2.45583
6.12046
3.33593
1.7691
0.986827
3.29894
3.32107
3.73665
6.57264
2.86416
3.31033
1.7555
1.53227
7.08816
6.19777
3.54174
6.44413
8.9771
2.57789
5.96812
7.64388
0.0227268
9.38399
0.297167
1.47299
4.4264
2.07704
1.7807
0.00956713
9.93146
7.39786
4.86095
3.1354
3.62205
4.58426
9.278
8.85723
3.19309
3.0601
4.19785
6.65159
9.3164
4.80615
2.33795
9.96596
1.02306
5.7426
1.2058
9.72206
4.59128
4.41802
6.53445
3.17
1.51647
3.2178
0.763186
4.33858
8.59802
1.17669
3.96045
3.20537
8.50647
0.867517
7.82597
4.54012
4.89589
6.28654
2.23338
1.15789
5.68665
9.46418
4.24507
6.52942
2.94749
3.77905
8.84877
1.89145
5.9324
7.0675
3.34854
6.17563
0.565758
9.67478
1.91871
6.54899
5.20836
4.05519
9.81593
2.29652
8.29072
9.67137
3.06
4.49472
4.32179
2.75076
3.16985
5.91477
1.38856
6.53475
6.42222
0.912634
9.09692
1.084
5.55243
1.67628
9.45609
0.982649
2.91046
1.50848
7.0396
4.90258
3.18564
3.94506
6.40689
7.88148
3.56356
4.45968
3.76193
1.57333
8.92421
3.15753
4.59726
0.896395
9.61755
4.73997
6.66412
6.86661
0.459892
4.42396
1.29149
9.69589
1.09955
7.51553
9.69926
4.17585
2.33847
7.00378
1.47356
4.44344
0.305051
7.74826
8.82596
6.81894
5.42654
6.15263
3.54834
1.57307
0.00410601
9.50937
8.17745
8.32684
1.01861
7.45165
3.23079
3.58327
1.0785
0.505019
5.94639
9.19031
8.56686
8.09095
1.19147
6.76309
8.75261
0.898947
9.95769
7.44599
4.55641
3.46846
6.79273
1.32305
8.38325
7.7757
9.15202
5.70257
2.30895
9.83408
3.45753
4.696
2.86964
9.14021
4.82073
3.80363
1.48384
7.16435
4.32382
6.14781
0.31546
7.03671
0.889511
7.18636
6.5328
6.69888
3.61762
2.20047
6.98982
9.3146
7.92689
1.1877
0.390324
7.68731
6.83944
7.42122
7.75863
6.62239
7.19721
1.8466
0.829198
3.72034
9.94035
0.934087
7.2615
8.74073
3.36692
4.59913
8.28048
8.47139
6.12156
2.27483
0.350534
2.52833
2.70596
1.27776
2.92041
7.98198
0.918911
9.79094
9.16476
3.3688
8.4601
6.28892
0.254371
1.8605
0.652907
0.256125
3.03254
8.55119
7.15939
9.27367
4.82704
2.94057
6.17172
3.92637
1.26318
7.86815
5.2631
6.46386
8.91737
1.89341
2.45969
0.573717
4.93399
1.23074
8.95385
2.17318
7.76006
9.52685
7.84525
9.26825
0.748388
8.83171
1.29347
1.52896
3.61993
9.78111
5.5719
1.57186
9.47973
2.59927
3.30701
2.21448
9.8862
4.99884
5.19454
6.83988
1.40349
1.95442
0.967167
2.90779
6.90575
0.666728
3.04373
2.98355
5.04119
0.957045
0.355268
9.41527
4.91285
7.97292
8.6812
6.05032
0.484399
2.78164
1.48813
6.03867
8.37833
0.871539
8.94398
3.94553
9.4379
2.33338
8.07409
0.0346381
6.16275
3.09433
2.82036
4.92863
7.1494
4.75632
3.39971
7.03141
7.50039
3.20011
1.75803
0.429547
2.0482
0.98911
4.51157
3.10923
9.0313
5.51826
5.34822
5.15642
8.15716
1.13514
0.707733
3.33491
6.0695
4.65249
3.68065
9.02347
7.84496
5.85115
1.03633
3.03084
5.16395
1.91929
8.99599
3.00979
6.98845
8.71003
2.31148
5.9043
8.57996
6.20851
5.63883
7.98947
5.24456
5.84032
2.801
6.34852
7.42027
8.47711
5.34352
3.56942
5.63183
0.0281557
4.3244
6.32429
6.48926
5.16498
7.76479
5.61188
6.99507
9.29023
0.323375
7.761
3.90655
4.15991
7.72501
1.58204
0.00878856
1.30015
7.54266
7.23755
0.157245
6.16
5.55698
0.931377
3.22409
2.34811
5.86035
1.29111
6.34723
9.01698
3.18036
7.42907
2.20921
7.52233
6.35366
3.78378
7.16242
4.43294
1.71566
5.27146
5.58593
8.48722
7.72868
1.21319
5.22936
8.14815
0.82918
1.59886
4.30644
2.79026
3.88108
7.17102
6.51781
3.76291
6.96827
3.17323
6.65394
4.00048
1.43879
8.45853
5.44383
5.07786
2.1839
9.3114
5.79792
7.15045
8.67569
0.722504
5.92542
3.42698
3.51978
5.44789
8.26066
4.55634
4.66203
6.3676
9.62155
6.37886
8.12218
8.29579
7.79191
3.5991
9.76771
1.66111
8.80702
8.58682
1.68829
2.50052
3.48307
9.6484
0.0717383
8.25095
7.46145
1.49874
0.320072
9.50373
5.24077
4.57959
7.42443
0.701613
1.32878
8.55825
3.32314
2.96602
8.11563
4.95131
8.63041
7.88066
7.83207
1.6755
9.17393
6.26413
4.28205
9.42319
7.08442
7.93793
9.41324
1.43027
7.55494
9.54259
7.01071
3.85795
7.69615
1.73299
1.11802
3.68037
4.58772
4.70665
0.788214
0.576252
4.25464
6.28583
5.01035
6.40426
2.11238
8.23587
0.440741
4.76422
3.83244
3.66512
9.9057
5.2424
7.28998
3.36318
4.0789
5.95083
2.45361
2.00142
9.95275
0.0292566
4.35252
1.18822
0.358954
2.93015
2.44964
9.14185
3.94076
6.84875
4.33331
9.30894
4.15137
6.74574
7.49642
4.06894
7.15283
9.51429
2.36333
6.29861
6.65494
6.91367
5.82403
1.45992
0.439776
0.995537
8.5206
3.18529
5.56424
9.27695
8.67818
0.509814
7.44408
7.33636
0.726613
2.52969
2.86372
6.48614
5.49889
8.45255
6.25473
0.711748
9.75256
7.4473
3.82806
8.37745
0.0701368
8.33725
8.91137
7.32163
9.30858
7.01954
9.29469
0.860059
1.45175
0.73224
8.7607
2.48182
5.34102
3.83007
6.65337
1.67532
1.09479
4.23773
5.68618
9.64415
1.41068
7.16706
0.169372
5.49894
7.33973
9.3276
7.67517
4.6137
1.73854
2.18527
0.651288
5.11541
3.87317
1.75224
0.912503
4.55411
8.06008
3.02855
9.74829
9.85057
4.75868
3.18845
0.987583
5.45005
6.24592
1.11803
1.49591
8.64328
5.58658
4.92843
1.79192
8.82227
1.20371
8.08145
0.378321
8.04001
7.11019
7.57085
9.03061
0.823889
0.656218
2.17373
8.17535
7.52121
1.21254
0.261023
1.93217
2.85645
0.934119
4.08787
8.86992
6.44944
3.35635
4.07788
7.04119
7.66349
6.84368
9.84954
0.654244
8.78097
9.82038
4.87124
8.12529
4.88844
8.6656
0.37185
1.10419
3.51563
0.841583
6.8475
2.49527
5.58018
4.34822
4.35799
2.80047
6.86925
2.18096
4.37341
9.46819
9.36566
8.23816
5.66932
6.5588
3.80289
6.77845
5.28316
5.16139
8.61267
6.29307
4.51208
6.10963
1.7144
3.12183
8.59685
5.34966
0.723815
7.70003
2.93017
5.57807
1.65922
7.38345
1.63024
7.80573
2.05445
3.21358
3.19234
7.94786
7.6138
0.994544
3.65971
4.17316
9.93202
0.776651
6.13202
9.59525
8.71125
4.73362
9.52354
0.584404
6.63814
8.14453
3.1212
4.73722
7.16208
6.94565
2.07597
5.2053
2.992
4.87018
2.33668
6.91525
1.44412
1.38941
4.18822
2.54567
5.7718
0.656846
6.78259
9.628
1.12583
4.76645
7.69247
5.20978
5.9537
9.80849
4.54538
9.3383
8.37261
6.95717
2.70153
3.38719
0.193035
7.36634
9.4381
0.920286
3.568
3.76572
5.65848
1.94494
9.05546
9.90256
8.47716
9.59034
9.96858
9.41059
6.05035
1.14345
6.84182
3.21901
5.50413
6.84384
9.82602
0.332592
9.58506
7.09668
4.03095
2.24135
6.2401
9.35788
8.3792
8.87879
1.56626
0.672935
8.53202
4.68799
8.03123
3.10827
2.14139
3.34176
5.71839
0.366962
7.43768
2.25746
4.44
9.88646
0.383814
7.24875
8.78748
0.358152
1.81363
1.35565
6.57798
7.70212
7.90478
0.445814
1.48232
3.37251
3.42109
2.59777
7.24531
0.680296
1.24948
9.5792
5.85074
7.35647
4.98349
7.50923
3.17604
0.280833
6.25523
4.70399
1.53942
6.65754
3.70647
2.8216
1.73955
8.5809
1.43095
3.02599
8.09744
4.94606
9.09457
4.6424
7.66665
3.35143
5.64988
1.65943
6.13192
2.14982
7.57229
0.790171
8.47332
2.30086
7.53117
7.18596
5.70931
8.70954
4.58732
7.07449
8.27517
6.17585
8.48133
1.11436
6.15225
4.45164
8.23559
3.03637
4.61288
6.61318
0.664086
7.77266
5.93116
1.17728
9.83414
2.77245
8.67769
2.03437
6.78359
1.77227
6.4129
6.66038
1.46572
1.35741
5.03398
8.22265
1.76973
2.07146
2.47751
8.21938
1.50051
0.420973
9.94014
7.33722
5.60407
9.65956
5.33339
6.66547
6.01668
2.87771
5.99347
6.74873
7.09567
5.46409
2.06893
1.88484
4.6753
3.74764
4.76116
1.33915
0.194337
2.38221
7.31865
2.32684
7.07056
4.38599
6.30491
0.827224
9.9549
2.97376
9.97478
5.59327
7.16441
9.26551
0.42576
2.29079
1.60338
6.14783
3.72068
2.25736
3.67921
3.85526
7.77806
3.3847
0.9738
9.75679
1.21706
5.59866
4.69097
0.307031
5.46885
5.73683
7.27082
5.99426
0.359314
1.78274
4.89496
4.02264
0.32048
0.405986
3.76579
2.24286
5.51284
3.36431
2.70571
5.32054
6.26917
5.24678
2.94202
4.53149
9.49265
7.33986
1.95222
7.06064
8.76984
3.56698
7.6294
7.51847
3.65138
3.34606
4.55413
4.53163
9.72397
4.36329
1.01945
5.96733
5.20902
4.89971
4.66969
9.43395
9.42697
5.97516
8.81078
0.19862
4.37642
8.81924
2.21128
9.75385
3.12929
4.60125
3.01193
4.66084
3.87577
5.38219
1.5209
1.985
7.81706
8.00425
1.45378
9.09
1.74755
4.76075
1.26011
5.89408
8.63173
8.53813
1.06391
9.86461
2.75952
3.48515
0.0629338
5.2283
3.4303
4.50784
1.43543
0.714281
1.50708
7.14181
9.98962
7.15658
3.53122
0.265022
8.89369
9.53481
5.37643
5.93364
8.49012
3.31937
4.39449
6.8045
1.42505
9.01289
2.99381
5.69931
9.19059
1.60479
8.55061
7.31694
1.99944
9.0975
9.87172
2.81524
6.19308
0.282257
3.96182
6.41749
4.60554
8.31899
1.58508
0.582786
6.87419
3.49748
4.05739
2.86909
7.66617
3.43271
6.99773
5.89973
2.38256
3.77838
3.26874
1.73124
5.62626
5.47364
4.06852
7.98701
8.244
6.3675
2.29891
8.35822
1.20318
7.50297
8.03887
1.39171
9.58467
6.76581
5.36597
0.727699
8.54727
8.20356
2.25776
3.5585
7.67507
2.80315
9.16258
9.93906
2.95228
8.56667
0.844714
1.41259
5.12847
3.2828
6.67544
1.48666
0.211838
7.83851
5.8808
2.97136
1.323
3.52985
6.93587
0.851347
0.910929
0.879312
9.37639
2.18503
0.470298
4.9993
9.47833
2.36846
6.17619
2.15977
1.60397
5.61286
0.905641
3.41256
2.61161
7.72967
3.68191
5.27818
0.900882
7.56317
2.93104
8.51692
9.04844
2.09955
1.09234
7.28161
9.39045
5.62328
2.03717
8.13761
3.29974
8.17132
4.47625
0.0399594
0.912713
6.74832
0.165607
6.25314
6.15062
4.43867
2.612
9.93927
4.61476
2.29855
4.59839
1.30072
6.30343
4.87978
2.92154
6.15682
2.52287
7.67801
8.17037
1.90252
2.28383
1.56395
8.06149
6.89829
7.06577
9.32818
9.63299
9.56229
0.100931
6.7161
9.3618
6.85672
5.77805
4.57315
8.46587
8.26941
2.81687
5.64553
1.33659
3.5546
1.74065
0.0665221
3.51167
7.31006
4.07087
6.63507
6.89907
5.31735
8.02652
6.62554
6.36616
7.24209
4.72832
0.0613772
5.43144
4.46726
6.49875
8.54573
4.16259
3.62302
9.88194
1.66614
3.74988
9.45813
6.87398
8.26878
0.978629
2.42317
8.3985
1.77185
6.10052
1.00203
0.772893
2.60968
5.40355
3.16895
6.49079
2.0665
1.81859
2.01706
7.60831
1.93271
5.79672
4.29389
6.84042
8.02515
2.30484
5.54021
8.57493
8.01322
4.38259
9.26397
6.01727
1.11404
2.85511
6.52842
3.41694
9.05036
2.81701
3.40887
9.40998
2.59837
0.461191
4.79256
6.28847
3.0146
3.98795
1.54444
3.60904
7.84108
5.78958
6.92757
2.83063
8.42017
9.32218
5.30507
3.26305
0.446988
6.04202
2.76037
8.04533
3.00155
8.05354
2.03851
7.20447
8.12673
4.24909
2.20056
1.03224
2.72736
2.44977
9.08659
5.93586
9.43706
4.77312
4.30836
7.9724
4.85173
1.85589
7.68852
6.76982
2.05441
0.869565
8.09863
4.8757
2.25623
8.85841
3.03829
0.876391
6.77214
4.67278
8.46796
8.39041
8.67112
0.209929
9.30666
2.1749
7.99866
5.61603
4.94627
6.92326
7.8172
8.54532
0.575937
3.33084
5.07122
8.42858
0.648805
6.85888
7.0653
5.67957
4.04856
7.73303
0.898946
8.1445
3.8408
3.04772
0.849434
2.51348
1.01475
8.77345
3.84795
9.62517
4.02103
3.81668
3.55285
7.45829
7.35073
9.64863
8.54038
4.09489
2.86089
4.03918
8.73566
5.1357
2.39698
5.8364
1.11119
0.741684
1.94561
6.21855
4.05461
3.09987
8.86816
9.65502
0.54163
9.78972
0.892532
7.11285
0.381551
9.37861
6.15769
9.02347
0.676572
2.4011
4.32351
8.12064
2.29649
9.78347
3.96902
8.57318
3.1884
7.91317
2.19179
3.70913
7.27456
5.35188
8.30275
0.701137
4.1405
1.6015
1.72189
6.84214
0.942665
5.18301
6.0641
9.42233
2.11909
3.33344
2.36152
6.88422
0.130312
3.06834
6.61144
7.41239
6.87172
9.21595
8.73604
2.61197
2.6837
4.59039
1.55119
8.00031
1.34823
7.98116
8.37632
3.34584
7.10148
6.9397
0.183669
4.46486
3.36598
5.64899
9.7389
1.78073
6.05596
1.17041
0.383841
1.27742
0.504474
5.44183
4.12397
7.38743
5.20186
4.93837
8.67921
2.44092
3.08405
4.14721
6.35088
5.24556
2.29905
0.0139733
5.58669
4.41496
0.549977
4.97196
8.64447
5.89939
6.68651
9.23186
0.241007
7.41091
9.76269
6.14801
7.48606
8.5204
7.80954
2.468
9.82576
9.4874
6.73976
5.04968
6.81875
9.23055
1.78685
8.87099
0.135191
5.35291
7.84003
6.01144
2.89449
5.11119
3.06621
4.10026
4.46215
3.26771
8.04702
6.58612
9.26647
8.37104
4.27909
3.08117
3.52394
4.31216
9.935
6.69004
4.85544
3.53351
9.38041
0.813613
1.22143
5.04446
2.39871
4.13421
7.44726
2.7185
9.74728
6.14064
4.23375
4.63518
0.776398
6.99824
3.12645
3.55348
8.16552
6.34943
8.44842
8.65539
3.02448
2.51231
5.29486
2.1981
1.03048
8.31336
8.79153
9.43298
4.27377
5.19976
6.96296
9.90709
3.12034
4.51543
7.65041
2.41589
5.96042
1.14663
0.159006
6.29742
1.68346
6.45371
7.55933
0.0429139
2.3179
9.23332
3.99592
4.40934
5.39694
8.68503
2.09559
3.72224
6.02911
9.31129
8.2136
7.3776
0.219507
0.372052
9.71799
9.61194
5.65764
1.31675
7.98567
6.76984
4.65087
6.42996
6.55577
4.80247
5.02107
8.773
9.72248
3.13174
9.98191
7.72083
3.91876
1.73579
6.17802
9.22997
8.77864
7.5463
1.45467
0.175963
4.12845
0.595323
9.0922
2.3842
5.51892
8.75667
9.01973
5.20072
3.81027
2.51489
9.98906
4.15199
7.74466
2.1972
5.67454
7.20977
7.3516
8.95252
7.17341
5.25848
6.85265
8.19316
0.492661
8.81087
0.330394
4.29123
3.07061
9.08715
0.14151
0.0146079
3.65752
5.61905
5.02947
7.45292
5.90828
4.89522
6.72655
8.63332
6.48225
1.52215
8.76994
7.1321
4.2566
2.65583
7.5036
0.214164
9.89482
2.17025
0.404783
7.12717
2.33456
9.07401
5.11076
6.28033
5.15151
8.40565
3.61586
5.76201
1.757
2.27057
1.08828
0.421726
8.31795
5.90739
2.21514
5.03581
5.05694
3.61082
1.81714
1.76071
7.69364
0.890097
5.70412
9.18197
5.06994
6.72172
3.93728
7.14132
9.73542
0.977975
6.08326
6.50025
0.123591
1.30791
0.00223212
8.90937
3.23499
9.00538
6.45157
6.40022
9.6399
7.67974
0.265387
5.83242
7.86976
1.95136
2.82417
5.09322
8.56269
4.88849
9.46975
6.26079
3.59733
1.64385
3.45352
1.57042
1.16601
6.6706
4.07122
1.43221
9.31341
5.89399
1.83518
5.08535
7.38835
8.96278
3.7717
9.56284
0.489752
7.41794
9.25076
7.0367
8.23853
1.84818
6.21032
4.25072
6.66395
7.66132
1.13193
8.89699
2.72051
5.37838
3.08335
3.86125
6.14792
7.51638
0.26756
5.81546
8.26037
0.815829
0.944023
9.99442
5.21125
6.10709
0.402403
4.86346
2.86385
9.61512
5.18306
9.5203
4.75556
6.72966
1.58975
3.52921
0.208756
4.32081
9.41158
8.76075
1.97096
0.966018
9.87192
5.49627
6.07131
8.68297
8.58776
2.58535
5.23994
8.36645
1.86013
6.6798
6.2407
3.22166
5.31583
0.275116
6.85025
9.66016
7.07061
9.45794
0.267825
4.39629
6.34416
2.19892
6.29665
8.41378
2.46103
0.225663
6.09419
4.354
5.42973
8.69681
5.87025
9.00215
3.5134
6.08278
6.60099
2.63682
7.46072
4.52925
5.4011
1.91415
8.03662
6.56385
5.58714
5.54083
5.54696
3.29685
2.59462
4.35807
0.759093
9.88924
0.919923
0.305237
7.36179
2.13801
7.77753
0.625016
6.19198
9.94497
8.10671
2.79599
9.72344
5.07089
8.39185
8.42607
9.86981
6.51102
0.841368
9.17038
1.65075
0.966047
5.36055
5.24244
8.77993
3.33165
0.6732
0.540318
2.22049
2.7147
5.04017
9.76328
9.45609
5.69972
3.09056
8.50061
6.17848
4.1696
1.05772
3.09157
4.59944
6.72429
2.55087
5.66928
2.87582
5.3837
9.52476
2.82597
1.42127
9.27831
3.39578
9.25315
7.24559
1.1133
2.83479
8.14096
0.628103
2.70687
2.12986
7.95033
6.76014
2.92167
8.481
5.26576
4.27332
4.41411
2.32299
7.24337
7.09002
7.87188
2.56155
7.35904
0.878097
6.36862
8.44207
8.01364
7.65298
1.48711
6.68294
6.03626
1.29693
8.62537
4.11765
3.18849
4.22541
1.13248
7.07322
9.9766
8.55744
0.959277
0.664177
2.20172
9.90822
4.45115
0.441693
7.54743
0.937795
5.35854
2.04154
6.26311
9.60741
3.0539
5.88712
4.63195
9.37572
1.44407
4.56414
8.35705
7.33461
1.06354
3.29562
9.51493
4.78377
9.28886
3.42051
3.09226
2.94756
9.70855
9.17665
3.27925
9.93173
8.59225
8.3691
8.96824
9.75751
3.48002
8.64275
7.28654
7.86841
0.251834
2.12737
4.31684
9.49024
3.90962
8.3659
7.21925
1.91218
2.79351
2.76081
5.985
1.79353
5.57146
2.45996
3.86281
9.4334
1.61729
7.45873
6.63571
9.95953
5.61585
7.7342
6.62306
8.6466
9.92767
1.17833
3.92574
5.37768
3.40815
2.3552
8.166
1.3856
3.34937
5.71743
5.7933
0.530405
4.00239
4.24425
7.91098
0.0420194
4.29827
3.75131
4.19221
7.7212
6.96662
4.87131
1.865
4.91592
5.10123
5.19945
6.31031
2.30368
3.99446
0.938142
9.43879
9.74408
2.20051
1.96107
2.62438
3.99307
9.75868
4.72363
5.12128
6.83805
0.27291
1.11704
7.76735
6.89591
9.96866
3.66724
8.81422
3.14451
6.90672
7.40744
4.78786
9.12211
0.264881
6.17021
3.4853
5.60867
5.04576
0.341431
0.146438
4.57491
5.0714
9.52255
1.65348
4.90034
7.77265
8.0913
3.70829
7.10705
1.05916
9.35933
6.28552
8.30267
1.69372
4.14439
5.88145
1.95525
6.96146
4.83847
4.14486
7.17515
2.04659
4.47802
2.47986
9.72805
4.86233
8.08348
4.05538
2.47914
5.03025
7.58925
5.34283
1.86455
1.0223
0.91924
6.44183
7.08468
3.36083
4.2433
3.14777
9.37972
3.05873
9.15795
3.84935
2.8632
8.26062
9.7913
9.99696
5.90775
8.35887
6.18643
4.92138
3.28912
4.8338
4.12291
1.50377
5.99167
0.965826
1.6766
6.78672
3.69478
4.99226
8.65079
5.14194
6.00848
1.38554
8.3015
5.46601
4.58913
9.12304
8.28139
2.21467
5.18931
9.42268
7.99568
1.40572
1.25673
5.17654
1.3872
4.46608
3.81928
9.59058
2.15854
3.7114
5.35641
5.45972
3.46126
7.91085
0.854896
5.51648
3.54292
0.541025
3.32018
4.70719
6.03603
2.10306
5.02489
1.97609
6.75024
3.93111
8.52194
5.74445
7.06523
0.633767
0.988831
6.77069
3.07245
9.33141
3.02928
1.10002
3.21187
8.92062
4.89673
5.42019
6.5842
3.75362
8.74213
7.08934
3.15337
3.72748
3.87336
8.67396
7.80989
3.33844
2.04398
9.90448
7.64155
3.49261
9.72181
4.18524
8.26409
1.41215
7.43694
2.81357
6.22459
4.73252
7.03922
7.04376
1.41186
5.68827
4.82066
8.71168
4.41785
5.00048
1.11709
0.445671
7.12459
6.3874
0.359305
5.15185
5.74201
6.68184
3.29085
7.63033
4.1078
8.15854
8.91136
1.39067
9.07451
7.46888
5.57688
9.57278
9.77236
7.26301
5.16114
6.71557
2.29922
3.68438
7.12301
0.292774
4.63331
0.159267
5.32154
6.87389
7.94109
4.58765
2.25731
6.21945
0.120595
2.16134
5.89731
6.18489
2.27432
3.7866
1.18397
0.628131
2.53068
9.36196
2.33734
2.24827
0.578614
3.7964
0.996335
4.8656
3.4983
6.39866
5.90385
7.59214
2.45281
7.5755
5.4581
9.45407
8.99103
5.841
5.05189
1.6068
4.92518
8.46642
5.41905
7.03844
0.358969
8.31296
6.02066
4.441
7.28383
2.11025
0.220132
0.730712
0.380362
0.539527
4.66098
1.06275
7.54952
5.50766
2.8612
1.88593
5.98321
9.48299
6.10399
0.477334
5.94049
6.12974
4.15191
5.37178
3.43217
9.96452
8.05763
7.6793
0.55645
8.57573
5.73307
6.63782
0.66054
3.72015
0.044803
0.152341
6.78507
2.14592
3.14254
5.46926
3.42901
4.66786
6.46106
7.0938
5.53412
0.435155
6.13118
2.98347
3.19379
3.55624
0.901099
9.22388
9.99067
8.62315
8.8875
9.70792
9.52619
3.80315
6.72293
3.00475
6.56648
3.52424
0.512878
9.48937
3.21133
6.94525
6.7542
1.7986
7.53893
9.87808
4.51415
8.74294
3.96178
0.0275822
3.44305
2.94177
6.47224
2.70718
2.97372
0.691778
5.24216
0.297474
3.80617
8.74122
2.51781
7.77153
8.20529
1.0723
9.06057
2.85179
4.13222
2.51314
2.25956
7.58957
7.41686
1.41832
5.91838
4.65537
3.81187
1.06964
2.01589
3.36165
5.35565
2.38825
5.53384
6.91984
1.03359
0.270507
4.65329
8.52643
6.14142
4.72916
1.66055
1.78434
2.78112
1.8021
1.69516
5.01819
9.59769
1.46703
2.64649
4.79759
7.81985
6.97323
2.92817
4.54328
5.44441
1.12938
8.65697
2.57737
5.76769
6.23511
9.54321
4.51366
8.65975
4.27243
4.36756
4.98632
4.13811
4.66054
7.45921
6.13586
8.47626
0.00856793
0.178958
8.57133
6.9654
3.4095
6.05975
5.64952
3.90386
6.02575
8.99197
0.45883
2.97162
0.196364
4.32319
3.33445
3.59747
9.93269
5.92895
9.72308
3.31047
9.40296
1.05575
4.08973
4.97443
3.23102
1.12755
7.09648
8.80923
4.53
3.62508
5.93188
1.20746
0.998976
4.36859
0.0307608
3.85464
7.04929
4.4862
9.86999
1.25449
3.42703
6.79087
6.48121
7.81637
8.73251
8.87565
8.66399
0.528953
7.21952
0.385024
2.57662
6.68401
9.15005
0.764926
0.630846
2.12106
4.40146
4.5814
4.51202
1.89388
3.83921
7.90891
0.852648
2.16617
3.33541
5.32245
6.79085
5.53794
3.17667
4.96095
8.32228
7.8654
5.99394
3.60642
4.84456
3.75048
6.26983
1.18697
0.0972536
5.19465
5.90433
9.34469
2.52356
8.63609
1.18549
9.50775
0.679053
2.23152
9.81994
7.17894
1.33823
3.34827
2.58881
4.73055
7.88838
6.11873
0.442301
6.48788
0.346053
8.66609
8.72101
1.03932
5.54698
6.07306
9.10878
0.0314147
4.18142
8.05508
7.91492
9.45629
2.71082
9.596
1.03844
6.11899
1.20786
2.91603
2.95892
9.32895
7.22619
3.87281
8.654
6.78198
7.28391
9.60565
7.62268
1.00214
4.63695
3.48663
6.68203
7.05987
4.3907
7.81877
3.93126
5.85551
2.54972
7.49243
3.63255
4.03914
9.11146
6.11529
2.70672
7.06765
7.71557
3.01905
0.159901
2.28749
0.0548334
1.90021
7.25397
5.14355
7.48404
1.0074
6.91039
2.03304
8.69133
2.75599
5.26576
8.74172
0.377928
7.37893
1.83969
5.08843
9.77267
5.88062
4.74435
6.83032
3.66015
3.34498
2.88426
6.59239
3.52635
2.97364
9.17203
1.77345
3.47613
0.0877867
8.81879
7.21035
2.16485
5.61809
4.11515
9.1376
0.286126
8.34584
7.8606
4.74598
4.28662
0.179067
9.43499
3.0086
1.10489
8.22694
8.2726
8.51514
8.52826
7.34666
6.58163
0.418717
8.96683
0.0381478
3.7028
8.21438
2.50376
1.44806
0.34596
4.84986
7.55305
1.37453
8.51409
6.26311
4.0229
9.68577
0.0940229
7.47229
8.86905
5.88828
2.29457
0.561255
2.4961
6.73706
6.46598
4.29292
4.66372
9.84468
5.55712
0.220164
9.71756
0.184543
0.0104131
8.87244
5.16727
1.4513
8.86338
2.26016
4.02187
4.20155
0.584144
4.50688
4.16191
8.42568
0.459354
9.29904
8.55177
9.9885
7.14042
7.44164
3.62166
9.76952
0.905499
3.84452
1.02689
5.41522
6.54053
6.8589
4.27365
0.42147
3.93042
4.90992
9.2041
1.04438
3.75935
8.65219
7.37897
9.86604
0.451384
3.21183
1.75663
3.08931
8.54914
8.9996
5.2328
7.5558
9.14158
1.64542
7.36413
4.69019
1.17582
8.5045
1.7641
6.83926
2.08111
3.69376
8.67814
2.13489
6.73129
0.0500733
0.555568
1.12731
0.0715868
8.04283
5.46253
8.55921
6.07541
5.19314
5.43425
0.0549801
2.08349
1.35309
0.531807
7.98891
4.62248
9.22718
5.64486
4.8752
3.12722
3.15216
5.65105
5.2281
8.77508
9.56596
2.45364
1.72468
3.36967
5.29876
6.56575
1.16458
1.32666
6.36628
0.746255
2.68796
4.15951
2.46323
7.5515
1.53702
8.11258
0.535911
0.723922
5.10336
5.33836
7.99508
3.6898
3.09236
9.55142
1.98798
0.700123
4.17115
0.516077
4.67021
4.32571
4.39416
7.31021
3.00452
7.19067
2.12773
8.50999
4.43315
9.28246
7.21625
6.98415
9.13155
3.88019
2.54391
9.93708
2.46384
3.42134
6.70108
1.78808
8.76569
7.81347
1.50777
1.01623
8.52325
3.46643
9.13257
4.94375
8.13484
1.56682
3.22019
7.89286
5.76669
2.54204
2.04576
2.17337
3.30886
1.70487
6.31031
0.757552
3.01979
0.573069
4.67455
0.416483
4.34074
3.48814
3.4872
3.24497
2.69521
1.72166
0.117127
5.55241
3.88188
8.24261
9.97837
5.02575
3.22415
5.15052
1.11563
0.708096
7.55031
3.01731
5.57724
0.291397
2.0493
3.01341
5.90809
5.59241
5.8231
9.98216
2.83519
8.79963
0.606717
3.95804
9.51715
7.17872
8.86238
8.10497
6.45832
2.71207
0.409423
0.67404
4.29131
6.10749
0.101474
5.91587
1.09755
8.996
8.66564
3.42661
7.62017
5.25025
0.801361
0.922169
1.75158
5.76729
9.35972
8.47852
2.70779
3.76543
0.675653
5.74592
4.3968
3.47746
7.69596
1.24524
7.5094
1.79869
9.85072
5.57044
6.3551
3.76331
7.77907
9.36585
6.82784
3.29611
2.81259
9.27669
3.78396
0.271838
9.65822
6.79606
8.01258
5.47838
1.31561
9.4656
2.38655
3.38552
5.47074
0.652476
5.88266
9.80207
2.99062
5.90463
1.83292
8.25451
7.69355
8.65877
3.64532
3.56943
5.18597
2.63164
6.26394
7.73815
8.76853
4.03326
2.33921
3.34643
2.9141
2.10442
5.42754
6.23817
5.4095
8.82722
9.03409
4.01575
5.43168
1.79258
2.66455
3.4303
7.92135
6.08427
1.29889
5.59039
8.68177
8.96001
8.05374
7.23039
0.0951167
2.51806
8.45426
3.34926
3.18121
5.58156
4.67256
7.27884
6.47541
2.85447
2.79382
1.98728
6.13967
5.58489
6.14547
7.65666
8.8729
5.36979
6.70854
1.2131
3.86089
5.7355
5.80652
1.12735
6.37745
0.056219
2.42668
0.64685
2.99079
2.75977
9.04703
5.37685
0.591148
5.24709
9.46569
7.18943
3.25486
1.86002
5.93927
1.3433
6.96919
1.48798
3.44302
7.96222
8.36657
5.57007
1.13841
5.33353
1.69356
9.02925
7.04082
4.48581
9.14361
9.35706
9.3332
7.39959
2.09989
5.69826
1.02239
1.97672
4.38247
6.80257
8.49371
7.25043
2.71673
1.34651
2.49836
0.0532318
2.17816
6.72485
0.110657
7.81376
3.01201
7.75345
7.1725
3.42337
7.27696
7.07585
2.36203
5.95795
0.605962
4.83631
3.13679
4.74629
4.29983
6.82631
5.59558
6.62103
8.15209
2.64199
4.10466
6.87956
6.29129
7.1523
8.28169
3.73209
0.414706
1.99198
3.45793
8.86644
8.20941
2.16825
0.332826
2.41258
3.16377
3.80951
1.11993
8.65005
4.64449
6.06455
8.9126
1.81384
8.36502
2.8788
0.544081
9.58072
7.438
2.55848
0.538262
6.25574
0.0256172
0.970464
0.75433
8.55676
5.42287
8.325
4.41794
3.66277
3.94465
4.60592
8.28681
3.24222
5.93561
3.49563
0.771747
0.175909
9.81662
1.94291
0.766888
5.96977
5.12097
0.525219
4.43361
2.32187
0.729553
2.86699
1.11443
4.74117
1.9099
3.52392
7.98816
3.47902
4.8462
8.37573
5.92159
1.80285
8.64028
0.581475
6.51605
1.45214
9.83114
6.26196
0.428336
7.99561
9.23992
5.01989
5.21936
5.03287
3.92083
5.67865
7.75411
0.884986
9.80956
9.46827
4.36981
3.57121
5.23953
5.14652
0.836309
8.00611
4.66166
7.30432
1.52491
9.94658
5.74578
5.28817
3.10673
9.89427
7.63961
9.2419
0.282944
6.21037
2.64629
1.19035
4.49901
3.55883
2.22246
9.04169
3.20033
9.19312
4.6135
2.446
0.654438
0.636517
1.70282
0.303472
2.69153
7.50824
7.87073
8.82042
7.89505
1.53042
3.24241
3.86489
9.56038
5.38885
7.5393
1.89411
0.175134
6.48779
2.40905
3.86371
3.3051
0.438394
0.0705367
3.54557
1.63807
8.0831
5.6481
1.32322
5.006
9.38236
4.54693
0.739036
3.80711
6.60001
4.01808
1.31673
1.83567
8.49901
1.01394
9.87179
7.12057
7.53249
9.90288
7.97715
5.56777
7.45418
8.63599
4.83676
5.42004
8.65926
1.90049
6.7613
1.73111
5.64236
7.30489
5.39706
3.46904
7.19414
1.78526
8.2808
2.5308
7.46773
3.9282
3.60989
3.74126
8.78636
2.24513
9.3779
0.807974
6.72129
0.534412
2.53833
5.04789
7.37537
4.90376
4.18618
1.39116
8.60135
3.9584
4.66761
4.48039
3.3414
9.00163
0.701761
7.73956
7.92247
9.54139
2.27743
0.193278
1.42244
5.30898
2.53159
7.26253
2.0195
3.34418
8.92059
0.141077
4.55009
4.98129
8.95232
2.6749
0.994829
7.3356
6.80558
2.92506
2.62591
3.83663
4.93417
6.29044
2.32009
3.64078
7.4592
3.50267
2.92456
7.26115
1.20481
8.75167
2.15234
5.4719
3.61615
7.18593
6.63099
1.39957
2.12173
8.51882
7.32464
5.6825
5.94146
6.79313
7.66913
0.742902
3.99032
1.07359
5.58185
5.10057
4.94245
5.44006
3.30907
3.13859
4.52964
9.87262
3.81701
6.63812
4.7403
8.62449
7.48552
1.28338
8.86196
7.61849
8.90247
3.64181
5.00558
5.41835
5.92151
3.74545
0.214342
2.30544
9.1732
3.78982
2.3748
6.32294
1.78169
1.33615
9.9633
5.08747
1.67372
2.71069
7.81116
4.99395
6.68597
4.18382
2.35748
0.931661
5.43281
5.44419
7.13579
7.66792
9.37345
9.56114
7.95873
8.20253
3.37789
6.31174
9.04225
4.92172
0.0450908
2.62853
5.59479
3.93325
8.28167
8.83521
1.14456
4.33494
5.50721
9.85477
8.54469
3.09838
8.97052
3.11163
0.715819
3.741
7.13889
3.16348
9.92972
3.76127
6.47416
3.62885
9.09961
8.13673
1.85986
8.07275
6.04881
2.32713
0.58126
3.03211
3.47211
2.05799
3.14264
3.34468
2.31819
1.28375
9.70243
6.41106
2.87638
3.40885
2.5393
5.14079
2.65274
3.60745
2.90668
4.53108
3.41268
6.9898
1.81053
9.62768
7.44042
2.92106
5.82402
5.94489
3.87992
3.43664
0.835347
5.00733
6.04535
6.72208
5.25434
5.33083
7.84222
5.22233
2.65511
3.78147
5.76143
7.23838
6.03465
0.285846
2.53702
6.33379
2.29991
6.86045
9.95589
7.2973
4.83568
3.87724
4.94877
2.33066
3.94957
7.6994
2.81466
1.29645
8.12106
8.76388
5.30478
4.03044
6.43878
5.94996
4.47341
1.6049
5.8754
1.987
4.5817
8.42804
0.429784
8.24228
1.06523
2.09376
1.12103
9.84436
5.95531
4.0305
4.76568
8.78876
3.22773
8.54818
5.8758
9.9273
4.85283
8.98878
4.48279
8.52706
6.76979
4.73431
1.47846
4.31662
8.45347
9.82787
8.32759
2.45823
9.01029
0.658444
1.54159
5.34359
8.94109
1.67704
1.56343
8.9719
0.824915
6.22403
8.28489
9.73715
8.88778
9.9575
8.18165
8.77069
3.42214
2.07804
0.0148724
1.35815
1.754
2.37984
3.23928
1.65065
5.05795
6.36757
8.41534
0.0811888
5.66974
4.51849
2.45442
1.04335
2.71831
0.840297
0.543021
1.68914
5.23363
5.61446
5.42071
2.53711
5.1398
3.8215
5.00941
0.858265
3.94138
4.53056
8.66594
2.27237
8.69529
4.11743
5.31111
1.53534
9.87555
9.01766
4.4149
5.77493
0.459453
3.10984
3.49912
6.14802
9.34487
3.83629
6.25248
9.39505
9.22132
4.18609
9.31906
5.07717
2.87122
4.49087
5.64959
6.84082
9.86222
1.57791
3.91877
0.801833
8.40451
1.27444
0.746784
9.60476
4.18198
4.50053
9.51227
2.69564
3.67253
9.66961
7.45231
5.43117
6.46109
0.675874
4.73501
3.64349
6.11583
7.7965
5.58742
6.83072
1.19211
3.27043
0.908957
3.08787
3.15259
3.90361
9.26791
7.91943
6.34385
6.10886
0.0730106
4.21838
4.67028
3.05146
9.41615
0.0270948
1.21344
1.31264
9.26361
6.70388
7.15799
3.02109
9.94226
2.1549
9.53582
7.36498
8.01611
5.79768
3.59825
2.94408
8.73132
3.62266
6.26871
2.06715
9.33581
7.94851
9.37851
2.9197
1.91011
5.60689
3.33837
1.05477
4.55523
4.04086
5.70158
1.16787
9.95612
4.37766
9.72583
1.75714
5.21583
5.55545
0.675243
3.91512
3.54976
4.03129
2.49388
8.24261
1.93851
5.20259
9.26842
2.073
1.161
5.44937
2.89546
9.94847
6.91216
2.70563
3.97907
0.172761
6.14276
4.41696
9.29012
5.68575
4.94304
8.86873
7.25881
3.43599
7.39239
9.30664
6.09188
8.39915
4.75904
0.591445
7.72553
6.26694
4.96826
2.50492
3.34347
5.48702
9.07902
2.49796
5.29749
4.75765
4.81932
2.97774
3.31941
3.91524
2.48167
6.81656
5.27089
4.07549
3.76741
4.49754
4.77109
5.39738
4.34031
0.187942
3.8293
2.32768
9.00988
9.55982
6.68231
0.407745
7.98174
9.37118
0.307813
3.49179
0.0270744
1.1861
7.97388
8.64827
4.47883
1.95199
3.7818
6.95674
9.58509
5.12098
9.99162
5.43137
2.75303
1.226
8.24921
7.13607
2.70712
3.07444
4.90565
2.99519
0.558922
7.6926
9.22685
7.13241
1.16589
5.07933
7.78211
9.13087
5.31324
3.59599
5.07466
1.83873
9.05422
8.46278
6.63589
3.34434
6.40516
1.53553
5.68627
4.44395
0.921331
8.00968
0.0339806
9.23859
7.49743
8.90968
3.56663
0.35387
5.66159
6.58072
0.27462
9.49229
0.961998
2.31179
9.69577
3.50044
6.27901
9.32054
8.65068
1.66022
1.39371
8.7202
1.31831
7.58119
7.89072
9.27738
4.08697
4.84511
9.79749
1.69724
3.91263
0.110356
6.7078
6.50464
7.99003
1.50659
8.73476
4.34408
9.30085
7.03297
6.08719
5.35691
5.08001
5.22313
7.35892
4.37076
2.11806
1.4632
3.91202
4.18435
6.13271
1.28578
5.91772
4.92054
7.55514
2.41014
8.26385
3.81649
7.96907
8.22137
5.96
6.59955
7.07324
6.90393
6.03059
2.88731
6.7792
7.03076
9.80295
7.91549
3.9048
1.00042
8.09269
5.51251
3.85652
1.38975
6.32601
7.89458
6.05204
4.38451
5.88678
4.24592
1.44491
5.3629
3.22798
8.60595
3.60403
9.30143
4.42327
7.75848
8.54782
8.09632
7.13752
8.27308
0.789411
5.27219
9.9294
9.34217
0.794797
2.62217
7.98348
1.15556
0.834492
3.28423
5.27093
3.53756
0.190939
8.69258
7.62478
0.518025
9.62324
5.09038
5.30833
0.926953
9.13763
0.125903
4.77725
8.70862
1.73845
0.869502
3.03556
0.828125
6.04094
0.554961
6.48635
2.07992
6.8632
5.66224
1.60286
8.27466
0.138314
7.8616
9.68202
0.527297
8.56307
8.42984
5.80386
4.82513
8.77867
5.51053
6.45308
1.37462
4.76076
5.48781
3.62605
7.10412
2.16303
8.67992
1.53594
3.26552
0.60402
1.69765
0.953331
8.25269
1.90287
4.99703
1.35368
1.67223
3.40851
2.47806
0.922508
0.798921
4.54789
4.93059
8.68607
6.18285
9.89147
5.69797
4.40327
0.576804
7.71388
4.66209
1.94548
5.18199
3.49436
2.38854
7.24222
7.50241
2.66631
7.87394
0.629104
0.64246
1.93728
1.36538
0.291086
2.64669
7.51601
7.07252
3.64311
4.81547
9.91455
1.55433
0.391476
8.94688
1.48974
4.41016
0.8776
2.63942
1.39305
9.15543
5.94698
9.6891
9.1109
2.92448
9.01612
9.89147
4.94397
6.08744
0.502549
8.39323
1.85513
4.11113
7.856
5.54761
0.755337
0.933182
6.50515
0.165302
7.38389
8.37006
0.829734
5.33068
9.70735
1.10915
6.45244
2.20218
2.30576
1.0403
3.06385
9.41081
1.29094
0.5215
0.966272
3.41215
3.77658
4.75017
0.0437554
0.38002
1.49897
9.961
0.991542
6.25898
8.47649
3.45906
3.88719
5.35953
3.21387
2.97423
6.56783
2.53031
8.1686
4.95073
7.36133
7.96346
6.81992
6.81171
0.0876439
1.10877
0.369971
0.104478
7.43771
9.4353
1.34504
4.83172
8.79591
8.25729
4.6425
5.17687
8.53877
0.864132
1.06479
3.17016
0.746533
9.71657
8.84675
5.37366
5.28506
6.93604
7.21849
4.54297
9.12979
2.97892
6.00827
5.77612
1.29612
9.90574
4.3161
3.51335
7.35482
6.17913
3.05097
2.48603
6.36176
4.96612
1.18983
9.59466
2.30934
4.09192
0.729366
2.86466
6.5083
4.3864
5.84629
5.88702
1.12967
9.40269
3.61896
2.51667
1.31079
3.56097
6.99189
2.82025
5.72921
7.61884
6.78021
8.48406
3.2539
4.11289
0.770212
2.3013
2.06608
6.08053
3.59271
5.66576
6.08
7.40413
2.38237
2.37312
7.13654
4.57014
0.475465
7.20525
5.92467
2.82955
1.31806
8.59476
6.83484
9.06918
3.2725
5.33105
3.96167
2.42439
2.95955
4.45561
4.78948
4.01285
2.07996
8.9943
2.53624
4.6995
6.9547
7.23845
7.96956
4.21709
1.04257
0.594555
2.28331
1.34828
7.81646
5.33896
4.82965
7.87087
0.5699
4.91423
8.68903
6.96045
2.908
9.43327
0.506526
2.11962
3.19849
6.55334
5.73312
0.72466
3.70552
6.15551
5.41542
5.44478
0.891558
9.09146
9.97275
5.22431
0.250809
3.75831
8.30794
2.30643
8.5921
6.98823
6.76139
7.87479
3.77651
9.00208
8.05668
5.17725
4.80586
8.52882
0.320625
7.65936
8.41072
1.32877
7.29561
8.2251
2.49497
0.212927
2.92622
9.72327
2.11802
5.89467
3.1722
9.12294
5.34063
2.75668
1.4049
6.23269
1.83372
6.53429
1.19666
5.01703
9.97272
2.94799
3.31768
9.60167
1.3966
5.6104
6.56826
2.54687
2.38511
7.57014
5.71959
3.60563
1.36429
6.68263
4.89931
6.25258
6.92962
7.77096
1.87182
5.683
2.86898
7.83723
6.02674
1.34612
5.68764
2.20185
2.7191
8.96053
5.9474
6.64434
7.34282
5.71873
2.09749
4.51974
0.862329
7.23773
1.49613
3.16854
5.45905
5.93471
3.43093
2.55392
3.94404
0.233425
7.15761
0.738149
9.77469
8.77286
9.94657
5.84148
3.49533
4.54021
8.15417
2.51432
2.22341
4.75992
6.58558
1.80437
8.82829
0.421057
8.91556
0.486322
7.61609
0.562432
2.55178
8.37156
9.48313
1.03857
0.620511
1.25053
2.00191
8.49826
3.3243
9.11711
2.34042
8.13849
0.697371
9.94624
7.88399
5.87612
6.91259
6.48288
7.15944
4.03303
1.07434
0.623869
1.29401
1.66374
9.42476
6.7709
0.319008
3.02117
3.5342
9.32984
3.47609
1.85396
9.45362
6.7844
5.8583
4.39301
6.10099
0.00887994
4.13901
2.01331
2.45346
5.32894
3.69361
3.78885
1.31752
8.646
8.32463
5.18229
8.83681
4.39132
2.78412
1.62774
3.80122
6.2801
3.30924
1.504
7.07763
8.53517
5.18305
7.99905
5.4427
1.29418
7.14501
1.54559
8.44316
0.676925
4.72125
0.112378
3.94129
6.46271
4.6859
3.01323
4.79965
2.53477
3.87241
6.48327
7.17886
3.08244
4.25392
0.305687
0.564944
3.92436
3.28728
3.80867
0.429219
4.47909
8.23809
6.87865
9.04071
3.02044
9.94724
2.22822
7.28117
1.44997
9.93869
4.23218
2.73827
5.78983
2.19327
3.25412
9.86989
7.73761
5.22553
1.14572
4.02968
7.17936
3.66987
1.10303
4.71824
2.48613
4.30866
5.16057
4.87484
3.07248
0.548905
9.69061
4.05981
8.52678
2.04448
3.55158
3.83865
0.0510802
0.138522
8.45956
3.70711
9.5137
7.664
5.0627
5.62466
9.60696
4.46178
6.59236
6.72579
7.80693
4.79163
4.84443
2.08945
6.1388
6.04962
7.08474
5.54405
7.77249
1.27271
5.74689
0.970372
3.07094
4.65142
3.95375
4.78244
0.147486
3.1192
8.20436
9.88743
7.43663
8.94152
5.69377
1.11981
7.69362
6.30145
9.28989
8.79435
2.70398
2.02413
4.82299
8.41841
6.38064
9.96239
6.74626
8.92816
5.78687
8.70427
2.35525
4.9469
2.21659
3.48937
8.52017
3.86731
5.7295
7.88188
2.698
5.52296
7.8379
3.66364
5.33517
8.76706
0.461481
2.60268
7.2954
2.86559
8.79793
1.01847
8.63869
8.54225
0.777214
4.92068
2.72442
2.55386
5.92899
5.14648
8.80931
2.3862
1.38486
2.08752
2.53847
8.19225
1.30808
8.65451
4.09651
4.31496
3.62089
8.34894
9.67927
6.90763
7.12031
6.87242
5.96765
5.2004
4.2475
6.03276
2.24104
8.12237
3.43574
3.49589
3.97365
2.40597
7.04648
3.93985
1.65771
2.334
2.90159
4.70763
8.46504
6.22174
7.19596
9.49851
6.47952
2.98612
4.39776
7.44751
4.29285
5.96595
0.608394
8.06507
0.753282
1.04412
9.60549
2.52411
5.65979
0.783066
1.00035
2.29274
7.90245
7.39513
1.76086
0.671619
4.69612
7.39303
6.54337
7.57062
5.85717
0.951523
4.36649
3.53319
2.22148
2.88203
4.59783
0.701701
0.453626
4.8005
2.93947
8.26819
2.10968
2.94011
1.11932
5.9497
9.12548
2.43915
0.376852
3.51825
0.288606
5.82016
1.57505
7.38672
4.61869
4.24316
7.65933
5.19376
8.17257
8.42206
8.64461
6.26837
1.27298
1.26206
4.67987
4.24816
1.1806
9.85492
6.59019
4.78432
9.42885
8.76705
1.53882
6.8572
2.09469
9.00327
9.65101
8.50939
3.97917
2.57383
4.55177
3.62752
6.89032
8.48801
0.72407
4.68939
2.2998
7.24111
7.41725
3.55001
9.37756
0.251232
7.82492
9.95257
8.53207
0.46313
9.34838
8.81621
7.57308
9.71921
0.57655
8.45007
7.86504
6.71498
9.78948
4.79423
2.81827
8.19561
3.80608
2.44729
0.674572
5.42199
7.00107
6.26166
1.54242
2.8713
0.389469
4.99533
7.01255
3.5368
1.9753
5.96907
3.37649
5.43677
2.31286
9.52072
0.794486
3.01039
9.18091
2.3697
5.25291
2.84231
6.56237
3.89689
9.54794
0.376945
5.76472
6.31681
0.510691
6.32377
9.63765
5.81098
0.787204
8.22769
8.0934
0.691454
5.83839
8.9887
1.3714
5.97568
0.319279
2.44259
2.69864
5.22521
0.512994
6.03287
7.39347
0.582785
0.665209
8.1488
9.40787
2.10493
2.37401
7.64703
3.97922
4.66477
9.97533
0.382495
5.86677
5.88329
7.15668
6.53041
3.76001
2.73083
5.92367
3.18384
9.71988
0.57781
6.38239
5.83931
1.84755
4.66011
7.61144
4.49684
0.650303
9.85796
2.29629
2.35714
3.50156
0.48153
5.9676
4.75677
8.95413
7.78137
3.55942
5.69814
4.12476
7.22984
5.40084
5.2144
2.10681
3.85813
1.46074
0.459418
1.30324
4.38753
4.60631
2.95831
4.47889
8.89697
4.36036
3.44528
4.95335
0.22132
2.40181
6.40534
0.508088
8.91173
6.47874
6.93112
0.312097
5.05282
0.462948
8.47885
8.75081
2.98014
1.97092
1.5963
7.10054
7.27846
7.25334
4.01097
3.94727
9.73025
2.29385
8.20798
7.98002
7.52436
1.27193
3.3848
3.37903
3.13392
2.79037
2.27422
6.54783
9.39326
3.23648
1.5626
6.32694
7.60976
7.95422
1.22674
9.07854
4.37721
4.75432
0.373215
4.12695
3.48331
8.23735
6.80823
5.31021
8.58635
9.60573
5.73044
1.4418
4.55346
9.15794
5.33026
4.53131
8.58695
7.46948
7.41898
2.4673
8.51375
6.65981
5.48983
1.52347
0.516718
4.22513
7.06186
9.58736
5.06295
7.39552
6.98179
0.100672
1.21245
4.52891
9.16658
9.53371
7.70086
3.0023
8.16354
7.26687
5.65495
4.92743
7.15892
4.33213
3.26009
2.61507
3.65447
5.81062
0.285895
3.49836
7.33575
7.13279
9.22559
8.2273
4.66086
6.0694
6.98617
3.03262
5.51161
6.36696
9.09239
9.01359
1.69778
7.61379
5.16374
1.43615
4.14422
7.5361
8.70404
0.758939
1.25757
3.6807
7.82515
2.38884
4.07807
2.10847
7.73784
5.91733
5.94626
1.4193
4.64327
3.6095
1.4244
2.1573
6.90901
3.49332
9.74457
6.41032
3.88735
0.90649
7.55496
1.13589
4.13701
4.72841
0.584341
1.19329
9.00316
4.01511
5.94839
0.555992
9.08864
1.02398
1.22334
6.40294
6.23346
3.07612
0.32439
9.08121
1.26522
4.54468
9.95733
7.07718
0.540758
9.38805
7.26469
9.34655
3.99336
5.18655
7.80482
0.327404
8.89892
7.8267
7.61553
3.68472
0.71752
0.730314
3.96737
9.63535
8.89978
0.997274
8.96745
2.51781
0.714346
8.17752
9.29385
2.55745
1.90845
7.41609
7.29205
8.40472
9.3302
8.68442
6.94253
7.80569
7.34316
2.00679
9.14679
9.27142
2.22896
8.38031
5.95386
9.71559
1.3219
7.38628
8.23248
6.62352
4.92604
0.860255
3.6277
7.71089
7.46892
7.28148
4.24227
6.47684
4.00184
7.99403
5.7949
7.81801
4.8413
5.73076
0.995295
0.636465
7.66222
7.78991
0.162668
2.26079
5.21847
4.24729
6.09517
5.93196
5.58127
0.0527177
1.63562
8.49298
3.07502
9.55069
6.57803
9.99165
1.68388
5.53017
3.28237
9.47813
7.33324
7.96158
4.44954
3.52543
7.81954
1.40699
1.44887
5.93207
4.12372
8.5942
5.66992
4.942
6.36742
9.20034
8.26313
8.15063
2.40389
9.02478
0.00574419
6.88425
6.12836
7.28044
8.19122
2.10112
8.69526
3.0167
9.28118
1.71898
8.43087
5.29839
9.5978
2.29037
9.56122
8.85512
3.86537
7.39225
4.03062
7.57096
7.88519
4.53679
0.36741
0.945637
5.51219
5.2972
3.58395
0.637061
4.04461
5.18344
4.24259
3.1728
9.77794
8.10169
5.23773
6.03041
5.34473
9.70337
8.1207
5.36074
3.31363
7.57595
1.25353
0.0793308
1.14045
8.90397
9.30134
3.491
2.64182
2.88785
7.26534
1.00247
9.48546
8.32222
1.35485
1.23906
4.3409
1.56606
7.02802
0.892564
6.90816
3.55151
1.87331
5.28879
8.63521
2.39468
7.0949
8.51063
4.10299
4.18653
0.51581
0.126317
4.24059
0.451129
3.33776
9.43709
1.14023
6.45542
0.0311138
7.52867
9.92085
4.56687
3.32051
3.59611
9.91036
2.88134
3.20821
5.28287
4.70003
8.71742
7.07769
8.28371
1.1431
1.23146
6.48334
9.84054
8.68349
3.41993
7.48492
9.4275
4.79867
7.82144
5.3165
5.45569
8.83831
8.05433
2.32761
4.13393
1.07717
4.64493
4.12553
3.96471
8.89288
4.81302
4.40068
3.77308
6.54937
7.20624
4.69883
1.88241
6.83505
9.45314
6.27478
2.63338
8.95246
4.91247
1.76378
5.88701
6.26181
7.03447
4.94056
9.86185
2.40206
3.3558
9.73004
0.638026
5.17495
5.72775
3.67824
8.80168
5.63944
5.70869
2.59133
8.05989
2.29573
9.51564
5.9019
8.72621
6.44559
5.40485
7.32021
2.74072
6.13405
3.94489
6.82959
2.44298
6.46073
9.87225
9.74736
7.9052
3.02649
9.27937
6.79833
7.23236
0.0875828
9.41955
8.68009
9.90296
0.628737
4.62643
6.59443
9.92735
5.22107
2.10721
7.73173
7.01152
7.43324
9.68662
4.29646
7.47549
9.55619
1.79184
9.05532
3.05043
5.54266
7.14238
4.74626
5.19224
6.86934
4.93575
7.31186
5.35929
8.23816
8.97667
1.96488
6.91867
3.34721
9.75736
0.405315
2.08659
0.484638
8.08506
6.29871
5.19822
0.576751
7.76912
2.08124
2.63371
8.17432
2.85401
8.06254
1.66027
8.48319
3.81228
4.22541
4.83648
5.12785
9.94095
6.19884
4.59462
5.27314
4.66419
5.49215
7.67377
8.90828
3.80567
0.300469
8.38057
6.88357
7.67217
8.09173
5.81904
5.43019
4.64615
0.899148
8.40461
1.6045
3.52666
0.366705
0.763116
1.72822
6.2458
0.034719
0.812354
6.81923
8.02727
0.993174
8.13055
9.60629
8.05238
2.01746
6.67772
9.52579
0.71862
1.40482
9.16748
6.05052
5.16173
0.0396585
3.00352
4.45861
1.76985
4.8771
1.87514
2.67709
4.98882
6.38452
8.31653
1.87093
5.8028
0.516883
6.40879
0.38357
2.65264
7.5446
7.28212
6.68695
7.455
8.95236
6.04744
9.25767
6.32402
2.7028
1.55249
3.67569
7.84948
2.32558
0.759971
5.82878
3.13238
9.06877
5.3766
9.46646
7.31977
2.16174
0.0482862
4.40346
7.06159
1.01284
1.67999
5.96937
8.8811
3.78773
1.00411
3.05368
2.9899
4.55098
7.87817
1.1981
2.43628
8.56514
4.77925
8.85687
0.074871
0.454915
4.55824
1.28433
4.71924
3.08042
4.68858
9.85984
8.25656
6.04499
8.42827
1.33267
0.602933
3.34911
2.86642
7.22302
2.07569
4.69615
4.10222
0.0732811
1.05256
4.54482
9.28781
3.41962
8.81548
3.6791
6.70771
8.1083
4.90957
2.69282
3.66339
0.717282
7.59377
2.37302
1.39392
0.517449
5.6
8.18762
9.46692
2.43218
1.07185
5.52614
1.12304
5.0902
5.09186
3.80861
7.69885
4.49434
9.93933
6.9886
9.31365
3.77973
2.56832
9.80147
3.57459
0.317631
8.34493
2.426
9.47822
5.50059
5.29922
3.32533
3.83509
8.29068
4.68702
5.10767
2.78534
8.91433
0.854747
7.38889
0.949454
9.07578
3.55029
8.76236
9.01798
7.59859
3.57215
7.31527
8.74359
1.18166
0.88524
7.43128
5.17673
9.02423
5.06142
0.460813
4.11963
5.30525
1.03837
0.698441
8.33057
4.37356
9.22096
9.30996
7.29478
1.39516
6.78095
1.8506
5.17206
7.98916
7.28794
6.24434
7.98656
9.07751
5.61721
9.0813
8.07298
5.85049
5.14368
5.25848
5.65207
0.618483
5.48008
4.3907
3.34391
0.885604
0.829829
2.03943
8.67954
7.84133
0.892884
8.24453
0.377478
6.2598
9.25547
7.95962
8.17191
7.34057
1.04718
4.30412
4.11113
5.02295
2.31967
3.75735
8.17932
5.29596
8.5213
8.03806
7.63551
4.41994
5.81614
1.79852
0.957659
7.64004
0.870359
6.39594
7.1339
9.92244
8.48127
0.452778
5.27846
5.73279
9.28922
2.69854
8.06871
3.81571
9.49804
7.87291
4.75333
2.46054
7.45712
0.605172
0.275362
4.04458
4.2074
5.41721
0.246098
3.28562
4.92085
6.46005
3.10264
6.87442
5.89
3.05638
0.26027
6.26702
4.37339
2.3084
7.3998
3.40538
0.850344
1.09306
9.97259
0.631765
0.362849
7.88301
7.36759
6.06617
9.50474
3.90092
4.63946
7.4824
7.04013
3.66161
6.14379
6.04713
5.88958
8.09057
1.51888
0.75562
5.81416
5.34722
3.39605
6.43934
0.535944
2.66581
0.508203
4.18826
9.93901
1.98827
4.91686
3.07693
5.17559
6.66861
9.88984
8.57619
6.06286
8.88574
5.3368
2.35971
5.66534
1.04816
5.17373
3.72188
3.08629
1.19554
3.74554
8.80959
5.43997
5.6156
2.90244
1.0338
8.11521
8.42421
5.24462
9.32476
5.80944
7.0835
5.60934
6.09591
6.51552
6.69878
1.56392
9.1822
0.98657
2.33369
8.9896
2.85431
3.28703
0.556819
2.06245
9.44161
0.254502
8.85506
7.33048
4.55948
2.24242
4.10705
6.76662
0.810222
8.08705
1.6422
6.5114
4.18145
5.77503
8.33009
4.61985
5.70937
4.2968
0.738198
9.5154
5.47327
6.55593
5.56416
2.86957
1.07575
9.51829
8.03327
7.21446
5.82813
6.95299
0.826969
1.92992
6.4472
1.10077
7.854
2.48307
2.37398
2.9076
2.36155
4.31252
6.7338
6.15525
9.86051
6.98179
6.35919
9.84687
5.50763
3.7225
8.00351
9.14022
5.43943
9.18479
0.662287
5.75156
7.86957
6.46114
3.89489
9.37044
5.98608
9.44404
0.287018
9.53144
1.06769
7.74947
8.07721
4.92872
8.51298
1.33005
6.2059
2.1991
7.14569
8.67885
1.27662
4.79597
4.40153
9.60798
3.53092
0.483191
2.39336
3.66982
5.12235
3.9872
2.71204
2.81059
2.39887
2.99342
3.66993
0.585138
9.72156
2.20925
9.62113
8.81164
0.956647
7.75066
7.52748
3.82057
0.019008
6.28515
3.12503
1.649
4.10543
5.06846
6.31469
2.7219
1.03471
0.159334
6.74837
3.80788
8.26579
1.05503
2.97902
8.44311
2.68337
5.72908
3.824
1.33229
2.02049
5.70478
2.05435
4.37142
3.35783
3.7449
3.50172
7.81122
9.11133
7.56079
3.74184
5.08837
0.732163
2.23361
8.19552
2.48559
9.96665
8.55118
6.61705
5.11007
7.45335
0.0810804
6.40775
2.72259
6.75855
7.60942
6.28729
6.9256
3.51523
1.57561
2.72511
1.92675
2.25158
4.71277
3.40052
8.84351
8.6778
1.80895
6.81689
0.604617
4.81492
4.07583
0.911817
8.12166
0.160642
6.13779
3.75848
5.57751
8.54246
4.87869
0.113108
2.79686
2.64679
3.87645
9.13735
3.03912
2.6951
5.05449
8.11639
8.03396
2.87343
1.16278
2.23629
2.64197
7.03057
2.72174
1.24286
5.93458
0.124416
3.35334
4.2921
3.21405
3.50742
0.594115
1.44469
9.90084
2.79983
0.950039
7.80392
5.81487
1.11268
1.97817
4.05521
6.2452
7.72378
3.44139
5.99099
9.00307
4.92398
1.12222
8.22526
0.686799
2.08669
6.06121
5.22885
4.72511
0.412676
8.69707
4.61602
8.64751
4.5408
4.35568
8.74434
0.0302104
2.95594
0.0369965
2.1755
2.20629
2.36063
4.15281
0.143573
3.93102
5.58119
5.02413
7.57036
2.53701
5.76054
2.64296
0.251434
8.1732
3.8256
4.38858
8.93399
0.263297
4.86237
8.88411
3.29402
5.56219
5.44322
9.07242
4.25796
5.12474
8.50211
4.52338
0.440874
1.96092
0.90677
0.267583
2.94436
1.13539
4.94699
2.81268
2.83463
7.11622
8.9612
1.29142
7.79806
3.23766
4.18386
5.05372
0.457608
8.89121
3.36413
1.20514
9.68968
4.11523
2.36002
2.87767
5.30278
3.47249
6.18252
7.48313
1.18007
0.280759
8.48182
9.98866
2.34911
0.303808
8.03867
2.02173
3.84947
2.36501
3.06487
1.40415
5.23656
2.63161
9.64055
5.39967
0.835536
6.18455
1.01491
8.25679
5.05307
9.07727
0.0695434
0.820084
7.23596
0.128515
8.42776
8.66847
6.40931
5.08342
1.41483
6.87048
6.16352
1.56772
9.22823
0.542456
8.38511
7.37304
0.718723
2.37367
1.37822
8.25551
4.03485
3.47031
8.22406
6.49401
9.03682
1.88925
6.41951
2.37877
3.28149
9.92903
2.54095
0.121244
5.4952
1.21436
4.99709
6.6794
6.39385
9.47609
8.70344
4.2568
9.33458
2.9406
9.60303
1.40183
8.2406
4.55112
8.63294
4.04123
7.16727
1.00156
4.72546
1.1963
7.83067
5.73722
6.64249
4.27436
6.14008
1.73117
2.53433
8.62764
4.46385
1.55648
7.85111
7.22493
0.8533
7.18275
5.90745
6.69807
9.05144
0.272214
2.42931
1.671
1.76153
4.31251
6.53516
5.07078
6.1189
4.0958
2.22497
8.9884
9.54722
8.65703
4.55019
9.19278
7.79039
9.29556
4.01156
8.7891
4.36873
0.0689455
6.04176
1.9029
1.76699
6.13068
7.31943
7.07024
1.29022
2.32131
1.08238
9.44205
0.97908
9.09248
9.70417
0.763735
0.983192
4.97679
5.97241
9.18562
2.87838
1.73136
0.435367
7.06445
4.52888
7.566
0.899855
4.48402
5.74566
6.86958
1.45808
9.52273
8.46599
9.46622
1.3792
2.1778
3.96813
4.45538
2.71077
6.12909
0.9056
2.8509
0.703137
3.68439
0.911423
1.89862
8.18728
4.81077
5.92087
1.09167
2.92883
1.55764
7.17864
1.30046
7.53285
7.12906
1.12463
0.243905
7.31488
8.27657
4.48226
0.595806
1.59654
9.32281
9.68357
4.81747
3.68396
9.50937
2.38812
0.752011
8.23938
8.35942
7.86103
1.19178
2.53162
3.40221
9.64354
9.68342
9.4046
8.75749
9.42073
1.70057
9.95006
3.96729
2.01977
2.25916
2.60037
9.62316
9.22191
5.63731
0.283292
8.76742
3.03754
1.16691
7.45708
1.53031
3.49936
9.9825
4.44082
5.78761
8.6691
6.71974
8.66536
1.73087
7.15784
9.64081
6.4077
7.36796
6.85907
1.88738
8.45928
1.19396
6.64857
5.40806
5.12625
7.54998
9.24244
5.06482
0.612611
5.79507
4.16387
5.21158
3.8441
0.0168147
1.11441
5.01931
5.32188
1.53233
7.38973
3.05984
8.13606
6.31133
4.87954
5.28631
8.17185
3.2626
6.51726
2.9073
1.05371
1.06452
4.82831
1.74182
2.29711
2.12064
0.21453
2.20281
5.7903
5.7291
9.8903
6.16199
2.09678
0.39787
7.89876
8.9754
6.22928
1.1206
6.12376
1.20777
6.13656
8.10769
8.5089
4.70168
8.82465
4.96904
1.44618
6.7771
0.555613
2.15701
0.480135
7.40685
1.17232
7.767
1.38987
5.71694
2.30318
3.87752
4.13514
5.11128
9.00998
1.67475
1.21135
3.99913
5.62681
0.221336
7.28854
2.81636
6.15563
5.75694
9.55812
5.07192
5.29852
2.67339
7.52864
2.39346
7.86499
6.99478
2.52005
0.843304
7.15004
4.25381
8.69282
2.89945
7.65352
2.39395
0.130276
9.07295
6.41532
4.86247
9.53101
0.482583
1.32414
6.47234
8.47127
1.99105
8.38029
0.0599016
3.31502
1.92156
1.61574
8.18019
1.78139
7.17481
8.99948
2.14066
9.29321
5.92649
0.100612
4.46153
9.71448
4.19321
2.69744
5.16788
7.21246
6.98101
1.40496
0.57421
2.41434
1.38305
9.7863
9.94431
6.14696
9.69685
8.26964
4.81946
0.61096
6.0789
3.26577
9.32086
8.33622
9.30642
1.46306
2.92752
7.62966
5.29122
7.83428
6.49547
1.10633
0.228814
0.350704
7.3601
4.06094
4.27006
4.68578
7.80494
9.89278
2.76318
6.992
5.23323
0.00126784
2.03762
5.75998
1.81679
4.72541
6.24229
7.09388
6.03778
7.04139
8.48153
3.89876
4.74917
3.39784
5.14737
3.20304
5.01149
0.905059
1.03986
5.58219
3.53135
4.90226
5.38372
3.37603
3.15096
1.72933
2.14459
7.91896
9.41962
4.4061
1.70663
4.94761
0.813455
3.76723
2.5177
4.70997
9.65702
5.82269
1.60836
6.46223
9.61615
6.3918
3.81965
8.65449
5.62755
7.80626
0.669741
4.0523
8.60654
3.33651
7.16895
7.17329
7.6587
1.8667
2.1947
4.02638
6.52049
3.57158
4.72894
3.5794
5.28667
7.69068
4.13954
7.43961
9.5625
3.87031
8.8226
3.55742
4.03958
5.74836
3.75305
8.04514
0.192923
0.613668
3.8428
5.27835
5.57874
5.08589
4.71201
2.46435
3.30162
1.00596
7.37826
8.60553
9.98749
7.65213
4.12863
4.01407
7.31399
9.24342
8.82081
0.286266
7.4908
4.11782
7.89766
6.47732
2.91683
3.32351
2.04665
1.71294
6.28292
5.77468
5.06235
4.73311
4.4165
3.53313
8.4983
7.63686
9.19155
8.19191
8.33685
8.28849
2.1525
1.54878
3.54103
6.2333
2.6268
0.235508
1.79674
0.0654862
8.94514
9.45055
7.41801
3.43254
8.84208
3.69877
6.29366
8.43263
3.59926
2.64532
3.24314
6.96425
0.88661
3.55909
2.16837
8.89659
7.22319
8.55696
5.43454
1.25076
3.61393
1.45556
6.9368
8.35376
9.8696
7.67635
9.87771
8.98268
1.84036
3.44767
6.16634
5.12225
0.691403
8.03073
5.6687
0.402571
4.23102
9.19023
1.74633
1.70387
8.54308
4.72867
4.02083
9.18511
6.25311
9.86991
4.97705
5.80897
8.67137
1.79439
3.12119
3.62269
4.0551
8.52002
0.35691
7.41736
9.60412
7.32078
5.85737
9.48613
9.13867
4.52993
4.3482
9.78417
4.1786
7.35963
3.77553
4.652
3.79524
3.63206
3.39591
3.05214
3.19544
6.62498
6.8788
1.16329
5.46715
0.133191
6.03212
2.83492
1.49592
7.51051
1.17688
3.10207
5.33453
9.12426
7.78354
1.73047
2.54932
0.0317871
4.46656
5.4456
6.8883
9.74905
5.49614
3.13114
2.77853
2.2635
2.80416
8.92752
2.09969
6.86912
0.228189
0.862207
6.95504
2.20563
2.08907
1.3553
3.23001
1.89778
3.68833
5.71822
5.67057
0.422267
3.34729
6.61341
7.40157
5.33021
2.08213
0.407269
7.08641
0.458772
0.264127
8.15285
2.91843
2.2203
5.07956
3.07363
5.92024
9.22485
2.84568
4.71451
9.3208
7.87702
6.23714
0.440095
0.897188
2.49903
2.71294
4.65546
0.702519
2.23814
4.81427
6.5322
8.80766
0.0020338
1.59532
1.9006
4.76126
2.31903
8.06191
4.32194
3.658
0.120413
7.47286
2.00231
1.65162
3.95746
9.55222
7.2004
6.24671
0.0132339
1.91898
8.75814
1.69146
7.67863
3.8363
8.71247
8.82155
3.86524
3.60875
4.4698
0.108008
1.72627
8.91691
8.02012
6.12911
3.00565
9.94719
4.72832
2.84096
1.39202
4.40753
4.17156
8.93737
9.5235
3.90435
7.80649
2.42056
3.67259
8.45943
6.50109
9.72606
2.63663
1.27051
1.3119
9.7719
0.788728
2.80841
7.40853
2.99708
4.29189
0.925331
0.913783
1.63115
4.68335
6.27908
4.67912
0.691169
5.67838
4.68069
6.07315
9.6942
8.63204
1.82217
4.24838
2.97259
1.72067
0.638657
7.24381
7.22083
2.36038
3.1116
9.50504
4.35524
5.76445
2.1737
3.48853
8.69948
4.3705
8.16113
5.34089
7.15915
5.03164
9.69602
0.0676118
4.20261
0.416748
9.46748
1.11698
5.10521
2.85865
8.71903
9.14681
8.46775
7.94016
2.13619
7.7626
0.342624
7.09316
5.0697
6.95549
9.58876
6.58652
7.29402
2.87897
4.58492
9.67814
2.0848
0.722464
2.34226
7.18143
1.94369
3.7738
7.73828
2.32496
8.02773
2.08029
6.65269
6.67273
6.37031
6.34594
5.28932
4.25918
4.84903
7.92667
3.64428
1.66974
0.0521355
7.87427
6.31051
0.598395
9.47967
1.95473
1.3455
0.0790702
8.17916
8.67104
2.44909
0.842601
7.91188
4.48941
3.87737
7.14412
1.6027
1.71992
5.21762
2.25145
4.99701
0.829656
2.83364
4.05832
7.33374
4.48129
5.65959
7.08095
4.09316
5.12763
7.72951
1.90004
7.29014
7.24542
5.93829
7.20506
3.70305
7.2778
8.94344
7.54949
4.06548
6.06001
7.35467
3.29655
4.71132
9.41836
0.695921
1.77304
4.93836
0.493821
8.51534
1.81194
5.73359
8.75508
0.425862
0.954203
8.33535
4.21642
0.155164
7.13784
5.93714
7.30731
7.87459
4.61912
8.09882
3.6896
2.81182
8.83255
4.59129
3.22244
3.89221
9.5085
1.19085
7.91758
1.23788
6.21249
1.61161
3.80809
2.60016
2.29916
3.54015
7.31315
1.49031
4.89738
3.73334
1.09875
2.29646
9.8531
4.33217
4.83333
2.82609
2.74508
4.56563
3.92391
4.98037
7.86477
2.21184
4.8725
1.32362
9.78376
7.8897
2.6825
1.48976
3.67348
0.306283
1.39198
9.55262
7.57009
0.690225
1.28404
7.71707
4.19112
4.32672
3.63107
8.8335
0.707296
4.29733
6.90936
5.9254
1.60903
9.08964
9.36406
7.13808
2.76052
8.42815
3.4989
3.19336
6.07413
6.75364
3.17043
3.12002
2.31034
7.26752
3.20445
9.80255
9.4246
7.81449
7.53446
5.72281
2.78087
4.33953
0.296175
3.96979
5.05298
6.0755
6.31058
2.10113
6.61288
7.84062
2.56157
4.63081
6.53536
0.774832
7.39787
4.36479
0.648602
6.45852
6.23723
7.31508
1.15174
9.51362
2.58611
6.08324
0.983395
9.01632
1.56703
5.53113
6.09243
2.1722
2.80361
3.66905
5.24133
4.39698
0.555882
2.76876
5.10266
9.16994
3.89713
6.88776
9.17704
8.42549
9.5512
8.84645
0.262577
9.13395
7.55565
6.51839
2.93057
4.27553
2.62744
5.19408
9.32667
5.41887
9.6172
8.10433
8.2107
9.5383
0.486429
3.40554
9.40341
3.81519
5.34249
9.75603
1.24896
1.75951
1.07585
1.6065
1.31762
3.62633
9.33199
9.72906
8.26047
5.30458
7.65211
9.49591
1.24961
4.01458
3.64468
4.86515
7.80217
8.77004
3.57826
9.28056
7.4019
5.8307
4.63755
4.27657
4.82712
1.64493
8.29128
9.53476
4.45194
6.13298
7.31995
2.99026
7.6228
4.00015
2.13683
6.09694
6.1876
6.27262
7.48741
3.72317
0.130347
4.79377
6.50893
7.96251
7.87787
9.05749
5.09363
0.31994
3.80804
3.91749
7.6008
5.4836
1.94208
4.61354
2.30541
1.74402
3.7048
0.857377
0.866326
1.17461
2.91538
3.94201
2.27985
0.725433
8.58204
2.03275
4.65736
9.97124
9.27256
6.02893
2.92148
4.01372
4.31075
6.84002
3.69098
3.92127
8.24674
4.61537
2.12524
6.61447
9.98373
6.89012
6.16356
1.24052
1.44613
7.01409
5.04241
0.993904
5.8989
4.53023
5.84856
6.19625
6.31479
4.62188
6.15242
9.1473
9.88356
0.777233
2.89878
1.48324
9.28721
8.71253
9.52513
3.68278
7.54037
5.01392
6.66452
7.48423
2.02178
1.41933
3.34245
4.31036
6.60406
9.27313
7.10535
3.84777
9.2537
0.722179
2.26674
4.20287
2.61798
3.19604
0.426954
2.2618
2.78638
0.622946
4.24777
9.35484
0.0208909
0.354686
9.38435
3.51879
6.76276
7.41689
8.64593
8.83661
0.836547
0.546405
2.71292
3.71224
6.48934
1.62813
9.26849
1.58896
9.61095
6.41561
6.1461
7.63336
4.17538
1.93835
6.67
4.08523
2.80761
8.77005
7.43984
1.01983
6.81747
4.6663
3.63094
5.37534
8.1989
2.23719
1.72536
7.25384
4.92079
8.72206
9.96715
9.09735
7.43892
8.29529
0.349687
8.80794
1.96308
3.25312
9.72949
8.8359
0.419409
2.27338
0.943644
8.04551
8.71942
7.45523
9.57486
1.46134
4.41998
1.89253
9.07175
1.93683
4.1747
6.62885
3.8184
1.83258
6.53785
6.38258
3.63319
3.34593
1.19567
1.03918
7.35374
7.78429
2.25714
6.54339
0.377282
2.36373
3.67016
8.45617
4.45733
1.72638
4.39472
8.47668
2.53705
0.380506
2.62378
4.50324
3.9202
1.75124
1.96436
7.50624
6.77484
6.89362
8.86255
7.93357
5.63855
4.31507
7.7689
8.06116
4.61436
4.03868
9.86135
7.21565
0.829455
9.95889
7.26153
5.13545
7.33511
4.48137
7.37886
9.51754
2.07488
3.05067
6.62436
0.149739
9.55351
8.47685
2.73033
3.19641
4.65941
6.3536
0.620444
5.9573
3.51812
4.1532
2.85362
3.9144
7.50336
4.77228
8.07691
5.36643
9.11044
7.04528
9.53579
5.40056
3.397
6.11613
3.24322
1.97299
2.51212
7.65832
9.79694
0.294235
8.53779
1.42801
9.98854
4.24511
0.637729
0.93975
1.53208
4.36872
8.09448
8.94652
2.55829
8.09903
7.04571
0.436146
7.33007
4.14295
5.7969
2.48255
2.3654
4.88442
8.01804
3.17665
2.16448
4.47919
8.03023
1.59664
4.34522
5.65894
5.45302
8.23358
6.82547
8.65094
7.94749
8.4078
7.86114
3.31601
9.11638
5.4293
4.03804
1.53981
3.33421
2.6568
2.83213
9.07037
4.41082
1.06824
9.68048
3.85865
0.852678
7.94085
5.55867
4.59301
7.74953
5.95591
9.9308
3.85585
0.632182
0.944446
4.82838
1.74947
7.31876
0.475492
2.5369
4.6272
6.6006
2.1034
3.82492
6.83432
6.71871
